0.000000000000000000e+00 6.417192029830522415e+01 1.673715496383821346e+02
1.000000000000000021e-02 6.249820480192139627e+01 1.673715496383827315e+02
2.000000000000000042e-02 6.082448930553756128e+01 1.673715496383833283e+02
2.999999999999999889e-02 5.915077380915373340e+01 1.673715496383833283e+02
4.000000000000000083e-02 5.747705831276989841e+01 1.673715496383833283e+02
4.999999999999999584e-02 5.580334281638606342e+01 1.673715496383833283e+02
5.999999999999999778e-02 5.412962732000222843e+01 1.673715496383836125e+02
6.999999999999999278e-02 5.245591182361839344e+01 1.673715496383833283e+02
8.000000000000000167e-02 5.078219632723456556e+01 1.673715496383833283e+02
8.999999999999999667e-02 4.910848083085072346e+01 1.673715496383833283e+02
9.999999999999999167e-02 4.743476533446690269e+01 1.673715496383830157e+02
1.099999999999999867e-01 4.576104983808306770e+01 1.673715496383833283e+02
1.199999999999999956e-01 4.408733434169923271e+01 1.673715496383833283e+02
1.300000000000000044e-01 4.241361884531539772e+01 1.673715496383833283e+02
1.399999999999999856e-01 4.073990334893156984e+01 1.673715496383833283e+02
1.499999999999999944e-01 3.906618785254773485e+01 1.673715496383833283e+02
1.600000000000000033e-01 3.739247235616389986e+01 1.673715496383833283e+02
1.699999999999999845e-01 3.571875685978006487e+01 1.673715496383833283e+02
1.799999999999999933e-01 3.404504136339623699e+01 1.673715496383833283e+02
1.899999999999999745e-01 3.237132586701240200e+01 1.673715496383833283e+02
1.999999999999999833e-01 3.069761037062856701e+01 1.673715496383833283e+02
2.099999999999999922e-01 2.902389487424473558e+01 1.673715496383833283e+02
2.199999999999999734e-01 2.735017937786090059e+01 1.673715496383831862e+02
2.299999999999999822e-01 2.567646388147707270e+01 1.673715496383834704e+02
2.399999999999999911e-01 2.400274838509323416e+01 1.673715496383836125e+02
2.500000000000000000e-01 2.232903288870939917e+01 1.673715496383833283e+02
2.600000000000000089e-01 2.065531739232556774e+01 1.673715496383833283e+02
2.700000000000000178e-01 1.898160189594173275e+01 1.673715496383831862e+02
2.799999999999999711e-01 1.730788639955790487e+01 1.673715496383831862e+02
2.899999999999999800e-01 1.563417090317406988e+01 1.673715496383833283e+02
2.999999999999999889e-01 1.396045540679023667e+01 1.673715496383831010e+02
3.099999999999999423e-01 1.228673991040640878e+01 1.673715496383833283e+02
3.200000000000000067e-01 1.061302441402257024e+01 1.673715496383838399e+02
3.300000000000000155e-01 8.939308917638731700e+00 1.673715496383833283e+02
3.399999999999999689e-01 7.265593421254904705e+00 2.127365805140497912e+02
3.500000000000000333e-01 4.684577307357736586e+00 2.344265566691348397e+02
3.599999999999999867e-01 2.577062287872208479e+00 1.863418914153650690e+02
3.699999999999999956e-01 9.577394790504354383e-01 1.401892228508054359e+02
3.799999999999999489e-01 -2.267221691439000320e-01 1.006639063693306184e+02
3.900000000000000133e-01 -1.055538648336176610e+00 6.852142726500589731e+01
3.999999999999999667e-01 -1.597150714444017794e+00 4.311247428941281612e+01
4.099999999999999756e-01 -1.917788134124432720e+00 2.407055106667978350e+01
4.199999999999999845e-01 -2.078561735777613606e+00 1.117318380237438369e+01
4.299999999999999933e-01 -2.141251810171920233e+00 3.637933468865962805e+00
4.399999999999999467e-01 -2.151320405154932836e+00 -5.064481338430603108e-01
4.499999999999999556e-01 -2.131122847495058981e+00 -3.483660586690330518e+00
4.599999999999999645e-01 -2.081647193421126030e+00 -6.341668356907437243e+00
4.699999999999999734e-01 -2.004289480356910680e+00 -8.765922383617844815e+00
4.799999999999999822e-01 -1.906328745748769204e+00 -1.024486012454966044e+01
4.899999999999999911e-01 -1.799392277865917267e+00 -1.073326654693573090e+01
5.000000000000000000e-01 -1.691663414810054666e+00 -1.065927843562111299e+01
5.100000000000000089e-01 -1.586206709153495042e+00 -1.031532626882529868e+01
5.200000000000000178e-01 -1.485356889433548710e+00 -9.444859460494919645e+00
5.299999999999999156e-01 -1.397309519943596756e+00 -7.634148818564122863e+00
5.400000000000000355e-01 -1.332673913062266235e+00 -5.190980085344871320e+00
5.499999999999999334e-01 -1.293489918236699232e+00 -2.756507143147417072e+00
5.599999999999999423e-01 -1.277543770199317974e+00 -7.616380383406167187e-01
5.699999999999999512e-01 -1.278257157469886884e+00 2.839332468316085323e-01
5.799999999999999600e-01 -1.283222435135950024e+00 -5.396770416833816808e-02
5.899999999999999689e-01 -1.277177803386520205e+00 -1.578688686372470951e+00
5.999999999999999778e-01 -1.251648661408500729e+00 -3.441416542792678168e+00
6.099999999999999867e-01 -1.208349472530666713e+00 -4.754360758607242055e+00
6.199999999999998845e-01 -1.156561446236355817e+00 -5.346496831664392602e+00
6.300000000000000044e-01 -1.101419535897378843e+00 -5.430637414353483017e+00
6.400000000000000133e-01 -1.047948697949286245e+00 -5.137657470177014574e+00
6.499999999999999112e-01 -9.986663864938385426e-01 -4.725394622293677571e+00
6.600000000000000311e-01 -9.534408055034125917e-01 -4.377886598634904480e+00
6.700000000000000400e-01 -9.111086545211404264e-01 -3.951631764104389877e+00
6.799999999999999378e-01 -8.744081702213247764e-01 -3.412867499931770521e+00
6.899999999999999467e-01 -8.428513045225050071e-01 -2.844646093237161111e+00
7.000000000000000666e-01 -8.175152483565816253e-01 -2.326256037194167625e+00
7.099999999999999645e-01 -7.963261837786216324e-01 -2.025097176216234196e+00
7.199999999999999734e-01 -7.770133048322569458e-01 -2.068937813503438861e+00
7.299999999999998712e-01 -7.549474275085529262e-01 -2.380089726597575783e+00
7.399999999999999911e-01 -7.294115103003053768e-01 -2.832344942325756509e+00
7.500000000000000000e-01 -6.983005286620377339e-01 -3.417427808871293937e+00
7.599999999999998979e-01 -6.610629541228795203e-01 -4.034048611451306776e+00
7.699999999999999067e-01 -6.176195564330115850e-01 -4.394183181747200351e+00
7.800000000000000266e-01 -5.731792904879355888e-01 -4.172893319306906434e+00
7.899999999999999245e-01 -5.341616900468735274e-01 -3.433111688985079901e+00
7.999999999999999334e-01 -5.045170567082339907e-01 -2.490954076646658688e+00
8.100000000000000533e-01 -4.843426085139403425e-01 -1.623562552114025781e+00
8.199999999999999512e-01 -4.720458056659534440e-01 -1.030518493653692857e+00
8.299999999999999600e-01 -4.637322386408664898e-01 -8.526608657535040825e-01
8.399999999999999689e-01 -4.549925883508833535e-01 -1.000576107012972837e+00
8.499999999999999778e-01 -4.437207165006070153e-01 -1.354787217601717719e+00
8.599999999999999867e-01 -4.278968439988490302e-01 -1.824821121312906191e+00
8.699999999999999956e-01 -4.072242940743489026e-01 -2.345952791712349939e+00
8.799999999999998934e-01 -3.809777881646020381e-01 -2.889753251120324773e+00
8.900000000000000133e-01 -3.494292290519424582e-01 -3.439722913312353914e+00
8.999999999999999112e-01 -3.121833298983549554e-01 -4.004902455905121172e+00
9.099999999999999201e-01 -2.693311799338400370e-01 -4.581893414336378534e+00
9.199999999999999289e-01 -2.205454616116273858e-01 -5.102599908398052442e+00
9.299999999999999378e-01 -1.672791817658789981e-01 -5.466936142387786468e+00
9.399999999999999467e-01 -1.112067387638716598e-01 -5.543299081237006654e+00
9.499999999999999556e-01 -5.641320014113885423e-02 -5.167282330734266793e+00
9.599999999999999645e-01 -7.861092149186340444e-03 -4.360990601810817324e+00
9.699999999999999734e-01 3.080661189507747505e-02 -3.305639590765969249e+00
9.799999999999999822e-01 5.825169966613304162e-02 -2.173776000124346020e+00
9.899999999999998801e-01 7.428213189756438517e-02 -1.078109406366963618e+00
1.000000000000000000e+00 7.981388779347231566e-02 -1.037920241996017345e-01
1.010000000000000009e+00 7.635797238155642153e-02 6.941215429555144256e-01
1.020000000000000018e+00 6.593145693436203159e-02 1.265176015989086800e+00
1.029999999999999805e+00 5.105445206177468970e-02 1.551078897288009628e+00
1.040000000000000036e+00 3.490987898860184457e-02 1.533584218660213772e+00
1.050000000000000044e+00 2.038276768857041205e-02 1.281774108324263306e+00
1.059999999999999831e+00 9.274396822116576927e-03 9.453462758128448051e-01
1.069999999999999840e+00 1.475842172313518051e-03 6.320670550377291974e-01
1.080000000000000071e+00 -3.366944278638005651e-03 3.601431613456472780e-01
1.089999999999999858e+00 -5.727021054599426217e-03 1.323408894063914654e-01
1.099999999999999867e+00 -6.013762066765834802e-03 -3.562874380481247799e-02
1.109999999999999876e+00 -5.014446178503177177e-03 -1.292648863282455096e-01
1.119999999999999885e+00 -3.428464340200925147e-03 -1.336368606462207675e-01
1.129999999999999893e+00 -2.341708965578761983e-03 -5.872842896717110628e-02
1.139999999999999902e+00 -2.253895760857502987e-03 4.699759448937827766e-02
1.149999999999999911e+00 -3.281660855366327293e-03 1.266843224524054901e-01
1.159999999999999920e+00 -4.787582209905612285e-03 -1.657594366540968145e-01
1.169999999999999929e+00 3.352787771560854002e-05 -2.387881982315135099e-01
1.179999999999999938e+00 -1.181824527534243658e-05 2.029751371557045759e-03
1.189999999999999947e+00 -7.067149715532371737e-06 -5.909122637671219373e-04
1.199999999999999956e+00 0.000000000000000000e+00 -7.067149715532372719e-04
