0.000000000000000000e+00 2.081145362881290168e+02 7.359743866813189470e+02
1.000000000000000021e-02 2.007547924213158126e+02 7.359743866813178101e+02
2.000000000000000042e-02 1.933950485545026368e+02 7.359743866813178101e+02
2.999999999999999889e-02 1.860353046876894609e+02 7.359743866813189470e+02
4.000000000000000083e-02 1.786755608208762851e+02 7.359743866813189470e+02
4.999999999999999584e-02 1.713158169540630809e+02 7.359743866813178101e+02
5.999999999999999778e-02 1.639560730872499050e+02 7.359743866813189470e+02
6.999999999999999278e-02 1.565963292204367008e+02 7.359743866813189470e+02
8.000000000000000167e-02 1.492365853536235534e+02 7.359743866813189470e+02
8.999999999999999667e-02 1.418768414868103207e+02 7.359743866813178101e+02
9.999999999999999167e-02 1.345170976199972017e+02 7.359743866813178101e+02
1.099999999999999867e-01 1.271573537531839690e+02 7.359743866813201976e+02
1.199999999999999956e-01 1.197976098863707932e+02 7.359743866813189470e+02
1.300000000000000044e-01 1.124378660195576032e+02 7.359743866813178101e+02
1.399999999999999856e-01 1.050781221527444274e+02 7.359743866813178101e+02
1.499999999999999944e-01 9.771837828593125153e+01 7.359743866813189470e+02
1.600000000000000033e-01 9.035863441911806149e+01 7.359743866813189470e+02
1.699999999999999845e-01 8.299889055230487145e+01 7.359743866813178101e+02
1.799999999999999933e-01 7.563914668549169562e+01 7.359743866813178101e+02
1.899999999999999745e-01 6.827940281867851979e+01 7.359743866813189470e+02
1.999999999999999833e-01 6.091965895186532265e+01 7.359743866813182649e+02
2.099999999999999922e-01 5.355991508505214682e+01 7.359743866813179238e+02
2.199999999999999734e-01 4.620017121823896389e+01 7.359743866813182649e+02
2.299999999999999822e-01 3.884042735142578096e+01 7.359743866813195154e+02
2.399999999999999911e-01 3.148068348461257671e+01 7.359743866813195154e+02
2.500000000000000000e-01 2.412093961779939377e+01 7.359743866813182649e+02
2.600000000000000089e-01 1.676119575098621084e+01 7.359743866813182649e+02
2.700000000000000178e-01 9.401451884173027906e+00 5.354324782157943901e+02
2.799999999999999711e-01 6.052546186670324957e+00 2.750225123448663567e+02
2.899999999999999800e-01 3.901001637275701928e+00 1.848382415846852780e+02
2.999999999999999889e-01 2.355781354976619557e+00 1.353180334744090487e+02
3.099999999999999423e-01 1.194640967787521602e+00 1.030695132884402341e+02
3.200000000000000067e-01 2.943910892078148156e-01 8.073418916316707339e+01
3.300000000000000155e-01 -4.200428154758196753e-01 6.434437924805446585e+01
3.399999999999999689e-01 -9.924964957532742549e-01 5.051929596185891569e+01
3.500000000000000333e-01 -1.430428734712997807e+00 3.637414532028041947e+01
3.599999999999999867e-01 -1.719979402158882564e+00 2.055978710522966679e+01
3.699999999999999956e-01 -1.841624476817591116e+00 3.741997348968501225e+00
3.799999999999999489e-01 -1.794819349138252695e+00 -1.232122870428106332e+01
3.900000000000000133e-01 -1.595199902731969877e+00 -2.554388215638418913e+01
3.999999999999999667e-01 -1.283941706010568895e+00 -3.331816849446004625e+01
4.099999999999999756e-01 -9.288365328427691248e-01 -3.287148188280171013e+01
4.199999999999999845e-01 -6.265120683545348790e-01 -2.431023705893577258e+01
4.299999999999999933e-01 -4.426317916640537531e-01 -1.249525403191721828e+01
4.399999999999999467e-01 -3.766069877161905000e-01 -3.650048041146178424e+00
4.499999999999999556e-01 -3.696308308411301868e-01 -4.840810178785825285e-02
4.599999999999999645e-01 -3.756388256804333303e-01 4.482523783652807570e-01
4.699999999999999734e-01 -3.785958784084358375e-01 2.873825951409885726e-01
4.799999999999999822e-01 -3.813864775832531140e-01 -8.021720565590897967e-02
4.899999999999999911e-01 -3.769915342953176207e-01 -1.110334836835276118e+00
5.000000000000000000e-01 -3.591797808465475583e-01 -2.676636988843634324e+00
5.100000000000000089e-01 -3.234587945184449476e-01 -4.397502832885988866e+00
5.200000000000000178e-01 -2.712297241888277921e-01 -5.881318103174222323e+00
5.299999999999999156e-01 -2.058324324549605511e-01 -6.879386078435719476e+00
5.400000000000000355e-01 -1.336420026201134148e-01 -7.230150114384144899e+00
5.499999999999999334e-01 -6.122943016727765836e-02 -7.004703721964609109e+00
5.599999999999999423e-01 6.452071819178744998e-03 -6.590961153556142094e+00
5.699999999999999512e-01 7.058979290384517769e-02 -6.458688125033498650e+00
5.799999999999999600e-01 1.356258343198487037e-01 -6.529934692014284003e+00
5.899999999999999689e-01 2.011884867441308677e-01 -6.384899381876722124e+00
5.999999999999999778e-01 2.633238219573831307e-01 -5.938151153741871191e+00
6.099999999999999867e-01 3.199515098189683049e-01 -5.225469962044209993e+00
6.199999999999998845e-01 3.678332211982673350e-01 -4.181366832808710576e+00
6.300000000000000044e-01 4.035788464751424720e-01 -2.716998955908168423e+00
6.400000000000000133e-01 4.221732003164306857e-01 -9.228314739532680333e-01
6.499999999999999112e-01 4.220354759542078726e-01 8.377780367705722764e-01
6.600000000000000311e-01 4.054176395810192290e-01 2.289508174743437152e+00
6.700000000000000400e-01 3.762453124593391207e-01 3.394116186934442947e+00
6.799999999999999378e-01 3.375353158423304301e-01 4.138830036158400283e+00
6.899999999999999467e-01 2.934687117361711173e-01 4.488063927247496920e+00
7.000000000000000666e-01 2.477740372973804561e-01 4.554897492883902110e+00
7.099999999999999645e-01 2.023707618784930662e-01 4.549281051649644247e+00
7.199999999999999734e-01 1.567884162643875812e-01 4.628686084989474203e+00
7.299999999999998712e-01 1.097970401787035921e-01 4.789237405569865658e+00
7.399999999999999911e-01 6.100366815299027717e-02 4.936847114354255162e+00
7.500000000000000000e-01 1.106009789161850436e-02 4.915404938987939509e+00
7.599999999999998979e-01 -3.730443062676849081e-02 4.656375639179512582e+00
7.699999999999999067e-01 -8.206741489197175166e-02 4.071505316098447125e+00
7.800000000000000266e-01 -1.187345369487374375e-01 3.161543644978884071e+00
7.899999999999999245e-01 -1.452982877915494353e-01 2.188545229886366794e+00
7.999999999999999334e-01 -1.625054415464647628e-01 1.536409474394941022e+00
8.100000000000000533e-01 -1.760264772794482568e-01 1.363974603705515376e+00
8.199999999999999512e-01 -1.897849336205750803e-01 1.523226113777337964e+00
8.299999999999999600e-01 -2.064909995549950028e-01 1.769761487487742979e+00
8.399999999999999689e-01 -2.251801633703299221e-01 1.900815596802948537e+00
8.499999999999999778e-01 -2.445073114910539525e-01 1.821438253959326792e+00
8.599999999999999867e-01 -2.616089284495164424e-01 1.543574458897251089e+00
8.699999999999999956e-01 -2.753788006689990020e-01 1.117643473286225264e+00
8.799999999999998934e-01 -2.839617979152409544e-01 5.263369746740585997e-01
8.900000000000000133e-01 -2.859055401624801540e-01 -2.021313638969953752e-01
8.999999999999999112e-01 -2.799191706373010402e-01 -1.042749086701118211e+00
9.099999999999999201e-01 -2.650505584284578164e-01 -1.950795368144689901e+00
9.199999999999999289e-01 -2.409032632744072533e-01 -2.800560892369353905e+00
9.299999999999999378e-01 -2.090393405810707095e-01 -3.418930384833661851e+00
9.399999999999999467e-01 -1.725246555777340263e-01 -3.704291619607897879e+00
9.499999999999999556e-01 -1.349535081889127741e-01 -3.697774982437972202e+00
9.599999999999999645e-01 -9.856915592897459721e-02 -3.529983308402801612e+00
9.699999999999999734e-01 -6.435384202085675520e-02 -3.298872983251030622e+00
9.799999999999999822e-01 -3.259169626395399394e-02 -3.062197675931506602e+00
9.899999999999998801e-01 -3.109888502226632132e-03 -2.854225084211689190e+00
1.000000000000000000e+00 2.449280542027977917e-02 -2.637618113053139091e+00
1.010000000000000009e+00 4.964247375883614616e-02 -2.350145284562203063e+00
1.020000000000000018e+00 7.149571111152383529e-02 -1.970881033127652726e+00
1.029999999999999805e+00 8.906009442138919374e-02 -1.480513492274275755e+00
1.040000000000000036e+00 1.011059809570093448e-01 -8.678164619990345052e-01
1.050000000000000044e+00 1.064164236613698855e-01 -1.988020338315315272e-01
1.059999999999999831e+00 1.050820216336399715e-01 4.369574618448126002e-01
1.069999999999999840e+00 9.767727442447363129e-02 9.326906084355995885e-01
1.080000000000000071e+00 8.642820946492799083e-02 1.165142759949596263e+00
1.089999999999999858e+00 7.437441922548169992e-02 1.136224429116436951e+00
1.099999999999999867e+00 6.370372088259924903e-02 9.880865865216604815e-01
1.109999999999999876e+00 5.461268749504849529e-02 8.713428085110506149e-01
1.119999999999999885e+00 4.627686471237824062e-02 8.552428435492840375e-01
1.129999999999999893e+00 3.750783062406282120e-02 9.142852171114400628e-01
1.139999999999999902e+00 2.799116037014943645e-02 9.626305065694185092e-01
1.149999999999999911e+00 1.825522049267444893e-02 9.239116484157555709e-01
1.159999999999999920e+00 9.512927401834327112e-03 8.963734192930902234e-01
1.169999999999999929e+00 3.277521068126471623e-04 4.800106575670796683e-01
1.179999999999999938e+00 -8.728574950726572892e-05 1.714939261800843551e-02
1.189999999999999947e+00 -1.523574554752151292e-05 -4.364287475363286609e-03
1.199999999999999956e+00 0.000000000000000000e+00 -1.523574554752151530e-03
