0.000000000000000000e+00 1.534693787219332535e+02 4.235753192450067104e+02
1.000000000000000021e-02 1.492336255294831915e+02 4.235753192450043230e+02
2.000000000000000042e-02 1.449978723370331579e+02 4.235753192450043230e+02
2.999999999999999889e-02 1.407621191445830959e+02 4.235753192450055167e+02
4.000000000000000083e-02 1.365263659521330624e+02 4.235753192450043230e+02
4.999999999999999584e-02 1.322906127596830004e+02 4.235753192450043230e+02
5.999999999999999778e-02 1.280548595672329668e+02 4.235753192450055167e+02
6.999999999999999278e-02 1.238191063747829048e+02 4.235753192450043230e+02
8.000000000000000167e-02 1.195833531823328855e+02 4.235753192450043230e+02
8.999999999999999667e-02 1.153475999898828093e+02 4.235753192450055167e+02
9.999999999999999167e-02 1.111118467974327757e+02 4.235753192450049482e+02
1.099999999999999867e-01 1.068760936049827137e+02 4.235753192450049482e+02
1.199999999999999956e-01 1.026403404125326801e+02 4.235753192450043230e+02
1.300000000000000044e-01 9.840458722008263237e+01 4.235753192450049482e+02
1.399999999999999856e-01 9.416883402763257038e+01 4.235753192450049482e+02
1.499999999999999944e-01 8.993308083518253682e+01 4.235753192450043230e+02
1.600000000000000033e-01 8.569732764273248904e+01 4.235753192450043230e+02
1.699999999999999845e-01 8.146157445028244126e+01 4.235753192450049482e+02
1.799999999999999933e-01 7.722582125783239348e+01 4.235753192450049482e+02
1.899999999999999745e-01 7.299006806538234571e+01 4.235753192450043230e+02
1.999999999999999833e-01 6.875431487293231214e+01 4.235753192450049482e+02
2.099999999999999922e-01 6.451856168048225015e+01 4.235753192450049482e+02
2.199999999999999734e-01 6.028280848803220948e+01 4.235753192450049482e+02
2.299999999999999822e-01 5.604705529558215460e+01 4.235753192450055167e+02
2.399999999999999911e-01 5.181130210313209972e+01 4.235753192450049482e+02
2.500000000000000000e-01 4.757554891068205905e+01 4.235753192450049482e+02
2.600000000000000089e-01 4.333979571823200416e+01 4.235753192450049482e+02
2.700000000000000178e-01 3.910404252578195639e+01 4.235753192450046640e+02
2.799999999999999711e-01 3.486828933333190861e+01 4.235753192450049482e+02
2.899999999999999800e-01 3.063253614088186083e+01 4.235753192450046640e+02
2.999999999999999889e-01 2.639678294843182016e+01 4.235753192450038682e+02
3.099999999999999423e-01 2.216102975598178304e+01 4.235753192450047777e+02
3.200000000000000067e-01 1.792527656353172461e+01 4.235753192450061420e+02
3.300000000000000155e-01 1.368952337108166262e+01 4.235753192450047209e+02
3.399999999999999689e-01 9.453770178631630827e+00 3.187919868718516341e+02
3.500000000000000333e-01 7.313683633644631144e+00 1.883289619138880369e+02
3.599999999999999867e-01 5.687190940353870516e+00 1.470491679698118901e+02
3.699999999999999956e-01 4.372700274248393804e+00 1.191777043847413324e+02
3.799999999999999489e-01 3.303636852659043832e+00 9.779997417736036880e+01
3.900000000000000133e-01 2.416700790701186374e+00 8.150374415543966222e+01
3.999999999999999667e-01 1.673561969550250828e+00 6.835897205365721163e+01
4.099999999999999756e-01 1.049521349628042444e+00 5.711080329198727412e+01
4.199999999999999845e-01 5.313459037105056071e-01 4.729043885278433379e+01
4.299999999999999933e-01 1.037125725723556380e-01 3.896513725075455881e+01
4.399999999999999467e-01 -2.479568413045855624e-01 3.185856080222135489e+01
4.499999999999999556e-01 -5.334586434720713921e-01 2.561572108780413970e+01
4.599999999999999645e-01 -7.602712630606682787e-01 2.008659223971246632e+01
4.699999999999999734e-01 -9.351904882663206742e-01 1.528445102548806922e+01
4.799999999999999822e-01 -1.065960283570429601e+00 1.125533103944195013e+01
4.899999999999999911e-01 -1.160297109055159703e+00 8.140470151285871481e+00
5.000000000000000000e-01 -1.228769686596147048e+00 5.830767076205623844e+00
5.100000000000000089e-01 -1.276912450579272162e+00 4.022747249351612098e+00
5.200000000000000178e-01 -1.309224631583179255e+00 2.483222990483295423e+00
5.299999999999999156e-01 -1.326576910388937991e+00 1.058140521344307361e+00
5.400000000000000355e-01 -1.330387442010065424e+00 -3.705183302519158284e-01
5.499999999999999334e-01 -1.319166543783899748e+00 -1.768434845026712443e+00
5.599999999999999423e-01 -1.295018745109531189e+00 -2.934971767187978031e+00
5.699999999999999512e-01 -1.260467108440140205e+00 -3.727286704966858100e+00
5.799999999999999600e-01 -1.220473011010194009e+00 -4.205247257597068966e+00
5.899999999999999689e-01 -1.176362163288198648e+00 -4.524330375560810857e+00
5.999999999999999778e-01 -1.129986403498977721e+00 -4.731210500572712974e+00
6.099999999999999867e-01 -1.081737953276744379e+00 -4.851685295722083069e+00
6.199999999999998845e-01 -1.032952697584536006e+00 -4.925859594861200286e+00
6.300000000000000044e-01 -9.832207613795205248e-01 -4.972551030903757052e+00
6.400000000000000133e-01 -9.335016769664610248e-01 -4.937419794014092034e+00
6.499999999999999112e-01 -8.844723654992386885e-01 -4.819548208566459380e+00
6.600000000000000311e-01 -8.371107127951318283e-01 -4.695004213793489534e+00
6.700000000000000400e-01 -7.905722812233688668e-01 -4.644454996779683320e+00
6.799999999999999378e-01 -7.442216128595381397e-01 -4.623590928712160597e+00
6.899999999999999467e-01 -6.981004626491257303e-01 -4.517163432563306102e+00
7.000000000000000666e-01 -6.538783442082720665e-01 -4.232206153296427686e+00
7.099999999999999645e-01 -6.134563395831971189e-01 -3.810646795500741035e+00
7.199999999999999734e-01 -5.776654082982571881e-01 -3.376369571049882445e+00
7.299999999999998712e-01 -5.459289481621995010e-01 -3.012718327247283501e+00
7.399999999999999911e-01 -5.174110417533115402e-01 -2.711292519940037060e+00
7.500000000000000000e-01 -4.917030977633987665e-01 -2.471508785007953790e+00
7.599999999999998979e-01 -4.679808660531524778e-01 -2.317292934173838859e+00
7.699999999999999067e-01 -4.453572390799219738e-01 -2.207977453132355716e+00
7.800000000000000266e-01 -4.238213169905053479e-01 -2.049818620012867409e+00
7.899999999999999245e-01 -4.043608666796646434e-01 -1.845462263887121201e+00
7.999999999999999334e-01 -3.869120717127629283e-01 -1.672198348337429863e+00
8.100000000000000533e-01 -3.709168997129160816e-01 -1.554765157269120568e+00
8.199999999999999512e-01 -3.558167685673805369e-01 -1.456783761288633405e+00
8.299999999999999600e-01 -3.417812244871433758e-01 -1.387259309752869152e+00
8.399999999999999689e-01 -3.280715823723231450e-01 -1.389726528931465088e+00
8.499999999999999778e-01 -3.139866939085140807e-01 -1.430366845255242270e+00
8.599999999999999867e-01 -2.994642454672183374e-01 -1.432854198646271282e+00
8.699999999999999956e-01 -2.853296099355886462e-01 -1.384820985577253527e+00
8.799999999999998934e-01 -2.717678257556732646e-01 -1.326086121713599075e+00
8.900000000000000133e-01 -2.588078875013166691e-01 -1.300657578480314269e+00
8.999999999999999112e-01 -2.457546741860669737e-01 -1.323681898765556308e+00
9.099999999999999201e-01 -2.323342495260055651e-01 -1.374162488994265408e+00
9.199999999999999289e-01 -2.182714244061816633e-01 -1.422370604729598975e+00
9.299999999999999378e-01 -2.038868374314135867e-01 -1.448039894006021067e+00
9.399999999999999467e-01 -1.893106265260612320e-01 -1.443112840422151821e+00
9.499999999999999556e-01 -1.750245806229705492e-01 -1.392949375971645365e+00
9.599999999999999645e-01 -1.614516390066283447e-01 -1.301506126293003440e+00
9.699999999999999734e-01 -1.489944580971104826e-01 -1.190734580370483409e+00
9.799999999999999822e-01 -1.376369473992186676e-01 -1.077671298529534027e+00
9.899999999999998801e-01 -1.274410321265198043e-01 -9.740635625116268459e-01
1.000000000000000000e+00 -1.181556761489861301e-01 -8.954730458651651848e-01
1.010000000000000009e+00 -1.095315712092164995e-01 -8.513091348976685735e-01
1.020000000000000018e+00 -1.011294934510327675e-01 -8.345145498522920091e-01
1.029999999999999805e+00 -9.284128021217066817e-02 -8.276687020985706855e-01
1.040000000000000036e+00 -8.457611940906134551e-02 -8.220480485916010771e-01
1.050000000000000044e+00 -7.640031924033864608e-02 -8.087224134634665162e-01
1.059999999999999831e+00 -6.840167113979202240e-02 -7.789252373171938748e-01
1.069999999999999840e+00 -6.082181449399477052e-02 -7.342685748553324787e-01
1.080000000000000071e+00 -5.371629964268537227e-02 -6.854912453585311205e-01
1.089999999999999858e+00 -4.711198958682415172e-02 -6.397728425597090096e-01
1.099999999999999867e+00 -4.092084279149119097e-02 -6.001983084508408783e-01
1.109999999999999876e+00 -3.510802341780733249e-02 -5.633819574924110452e-01
1.119999999999999885e+00 -2.965320364164297437e-02 -5.246318342428097914e-01
1.129999999999999893e+00 -2.461538673295113680e-02 -4.808245128767122956e-01
1.139999999999999902e+00 -2.003671338410872860e-02 -4.345239192668591821e-01
1.149999999999999911e+00 -1.592490834761395649e-02 -3.924720634220085214e-01
1.159999999999999920e+00 -1.218727211566856053e-02 -6.096027162418681256e-01
1.169999999999999929e+00 -3.732854022776592971e-03 -5.891984572748477644e-01
1.179999999999999938e+00 -4.033029701716046964e-04 -1.851488473766609022e-01
1.189999999999999947e+00 -2.987707524337522615e-05 -2.016514850858023775e-02
1.199999999999999956e+00 0.000000000000000000e+00 -2.987707524337523089e-03
