0.000000000000000000e+00 1.034607505015789144e+02 2.699086738707355266e+02
1.000000000000000021e-02 1.007616637628715637e+02 2.699086738707343329e+02
2.000000000000000042e-02 9.806257702416422717e+01 2.699086738707331392e+02
2.999999999999999889e-02 9.536349028545689066e+01 2.699086738707331392e+02
4.000000000000000083e-02 9.266440354674956836e+01 2.699086738707331392e+02
4.999999999999999584e-02 8.996531680804223186e+01 2.699086738707331392e+02
5.999999999999999778e-02 8.726623006933489535e+01 2.699086738707343329e+02
6.999999999999999278e-02 8.456714333062754463e+01 2.699086738707331392e+02
8.000000000000000167e-02 8.186805659192023654e+01 2.699086738707331392e+02
8.999999999999999667e-02 7.916896985321288582e+01 2.699086738707331392e+02
9.999999999999999167e-02 7.646988311450557774e+01 2.699086738707331392e+02
1.099999999999999867e-01 7.377079637579822702e+01 2.699086738707343329e+02
1.199999999999999956e-01 7.107170963709089051e+01 2.699086738707331392e+02
1.300000000000000044e-01 6.837262289838355400e+01 2.699086738707331392e+02
1.399999999999999856e-01 6.567353615967623170e+01 2.699086738707337645e+02
1.499999999999999944e-01 6.297444942096888099e+01 2.699086738707343329e+02
1.600000000000000033e-01 6.027536268226154448e+01 2.699086738707337645e+02
1.699999999999999845e-01 5.757627594355420797e+01 2.699086738707331392e+02
1.799999999999999933e-01 5.487718920484687857e+01 2.699086738707331392e+02
1.899999999999999745e-01 5.217810246613954916e+01 2.699086738707331392e+02
1.999999999999999833e-01 4.947901572743221266e+01 2.699086738707334803e+02
2.099999999999999922e-01 4.677992898872487615e+01 2.699086738707334803e+02
2.199999999999999734e-01 4.408084225001754675e+01 2.699086738707334803e+02
2.299999999999999822e-01 4.138175551131021024e+01 2.699086738707340487e+02
2.399999999999999911e-01 3.868266877260286662e+01 2.699086738707337645e+02
2.500000000000000000e-01 3.598358203389553722e+01 2.699086738707334803e+02
2.600000000000000089e-01 3.328449529518820071e+01 2.699086738707337645e+02
2.700000000000000178e-01 3.058540855648086065e+01 2.699086738707334803e+02
2.799999999999999711e-01 2.788632181777353125e+01 2.699086738707333097e+02
2.899999999999999800e-01 2.518723507906619474e+01 2.699086738707334803e+02
2.999999999999999889e-01 2.248814834035886179e+01 2.699086738707329687e+02
3.099999999999999423e-01 1.978906160165153594e+01 2.699086738707334803e+02
3.200000000000000067e-01 1.708997486294419232e+01 2.699086738707343329e+02
3.300000000000000155e-01 1.439088812423685049e+01 2.699086738707334803e+02
3.399999999999999689e-01 1.169180138552952464e+01 2.699086738707334803e+02
3.500000000000000333e-01 8.992714646822182800e+00 2.322263261134390291e+02
3.599999999999999867e-01 7.047274863260744482e+00 1.739679403301661864e+02
3.699999999999999956e-01 5.513355840218858717e+00 1.395848720830022671e+02
3.799999999999999489e-01 4.255577421600699850e+00 1.152698773290712495e+02
3.900000000000000133e-01 3.207958293637434011e+00 9.595137043514466768e+01
3.999999999999999667e-01 2.336550012897806283e+00 7.976599816874248461e+01
4.099999999999999756e-01 1.612638330262584629e+00 6.623863979709643957e+01
4.199999999999999845e-01 1.011777216955877634e+00 5.509339073185762459e+01
4.299999999999999933e-01 5.107705156254321865e-01 4.586912068476843984e+01
4.399999999999999467e-01 9.439480326050896097e-02 3.805789786840455946e+01
4.499999999999999556e-01 -2.503874417426589227e-01 3.129763481555620075e+01
4.599999999999999645e-01 -5.315578930506149602e-01 2.543722726926926114e+01
4.699999999999999734e-01 -7.591319871280440834e-01 2.035572270630094138e+01
4.799999999999999822e-01 -9.386723471766337257e-01 1.579665375997072196e+01
4.899999999999999911e-01 -1.075065062327458465e+00 1.158997071636188636e+01
5.000000000000000000e-01 -1.170471761503871333e+00 7.820376627708447437e+00
5.100000000000000089e-01 -1.231472594881627414e+00 4.668968320259845761e+00
5.200000000000000178e-01 -1.263851127909068284e+00 2.075925322256380046e+00
5.299999999999999156e-01 -1.272991101326754970e+00 -5.413912979075324872e-02
5.400000000000000355e-01 -1.262768345313253215e+00 -1.743829962658180799e+00
5.499999999999999334e-01 -1.238114502073591305e+00 -2.998914369580651940e+00
5.599999999999999423e-01 -1.202790057921640177e+00 -3.943295425646406560e+00
5.699999999999999512e-01 -1.159248593560663121e+00 -4.711623646742507887e+00
5.799999999999999600e-01 -1.108557584986790134e+00 -5.335041094439056941e+00
5.899999999999999689e-01 -1.052547771671882071e+00 -5.710498811358819538e+00
5.999999999999999778e-01 -9.943476087596136992e-01 -5.744626103218558377e+00
6.099999999999999867e-01 -9.376552496075108989e-01 -5.460524262470828560e+00
6.199999999999998845e-01 -8.851371235101971324e-01 -5.094931415345469006e+00
6.300000000000000044e-01 -8.357566213006015765e-01 -4.819240796168436702e+00
6.400000000000000133e-01 -7.887523075868283495e-01 -4.667574315513990157e+00
6.499999999999999112e-01 -7.424051349903217911e-01 -4.584847683866993151e+00
6.600000000000000311e-01 -6.970553539094884732e-01 -4.481637228334793832e+00
6.700000000000000400e-01 -6.527723904236258923e-01 -4.261262729261272142e+00
6.799999999999999378e-01 -6.118300993242630215e-01 -3.860982525859496750e+00
6.899999999999999467e-01 -5.755527399064359617e-01 -3.316276843477076852e+00
7.000000000000000666e-01 -5.455045624547215644e-01 -2.757944230957866782e+00
7.099999999999999645e-01 -5.203938552872786616e-01 -2.346317238953247397e+00
7.199999999999999734e-01 -4.985782176756565764e-01 -2.151022781519943194e+00
7.299999999999998712e-01 -4.773733996568798044e-01 -2.069317895158225173e+00
7.399999999999999911e-01 -4.571918597724921041e-01 -1.952549712480379007e+00
7.500000000000000000e-01 -4.383224054072721865e-01 -1.764164937289032009e+00
7.599999999999998979e-01 -4.219085610267114816e-01 -1.517709806291767105e+00
7.699999999999999067e-01 -4.079682092814368999e-01 -1.223437341882301466e+00
7.800000000000000266e-01 -3.974398141890654323e-01 -9.206006539936920641e-01
7.899999999999999245e-01 -3.895561962015630098e-01 -7.332231166490442709e-01
7.999999999999999334e-01 -3.827753518560845225e-01 -7.238217025130058158e-01
8.100000000000000533e-01 -3.750797621513028979e-01 -8.318335414204143241e-01
8.199999999999999512e-01 -3.661386810276762716e-01 -9.793527648525834906e-01
8.299999999999999600e-01 -3.554927068542512725e-01 -1.126755715781986522e+00
8.399999999999999689e-01 -3.436035667120365122e-01 -1.242294851145486101e+00
8.499999999999999778e-01 -3.306468098313415371e-01 -1.335205355697970608e+00
8.599999999999999867e-01 -3.168994595980771378e-01 -1.404310317864730040e+00
8.699999999999999956e-01 -3.025606034740469519e-01 -1.437531833775200774e+00
8.799999999999998934e-01 -2.881488229225731001e-01 -1.425756103400571462e+00
8.900000000000000133e-01 -2.740454814060355182e-01 -1.375318876541500757e+00
8.999999999999999112e-01 -2.606424453917430828e-01 -1.304128529612259557e+00
9.099999999999999201e-01 -2.479629108137903215e-01 -1.228840761025297823e+00
9.199999999999999289e-01 -2.360656301712371341e-01 -1.183095016745964845e+00
9.299999999999999378e-01 -2.243010104788710213e-01 -1.182172895975319493e+00
9.399999999999999467e-01 -2.124221722517307398e-01 -1.205538099489585901e+00
9.499999999999999556e-01 -2.001902484890792921e-01 -1.223013912360874977e+00
9.599999999999999645e-01 -1.879618940045132414e-01 -1.208302835418558097e+00
9.699999999999999734e-01 -1.760241917807081335e-01 -1.158305606973964119e+00
9.799999999999999822e-01 -1.647957818650339912e-01 -1.084361760309002554e+00
9.899999999999998801e-01 -1.543369565745280891e-01 -1.008584239737795984e+00
1.000000000000000000e+00 -1.446240970702780682e-01 -9.493437176972066016e-01
1.010000000000000009e+00 -1.353500822205839782e-01 -9.135896198168406146e-01
1.020000000000000018e+00 -1.263523046739412625e-01 -9.056779066457154581e-01
1.029999999999999805e+00 -1.172365240876696579e-01 -9.162396021599218399e-01
1.040000000000000036e+00 -1.080275126307428113e-01 -9.272240725953253548e-01
1.050000000000000044e+00 -9.869204263576314418e-02 -9.240038335336231423e-01
1.059999999999999831e+00 -8.954743596007035122e-02 -8.952198453426144509e-01
1.069999999999999840e+00 -8.078764572891086737e-02 -8.440463513950507979e-01
1.080000000000000071e+00 -7.266650893216934637e-02 -7.884294484523972635e-01
1.089999999999999858e+00 -6.501905675986291433e-02 -7.456462326562286469e-01
1.099999999999999867e+00 -5.775358427904477010e-02 -7.117464282822749677e-01
1.109999999999999876e+00 -5.078412819421741775e-02 -6.829781141036628256e-01
1.119999999999999885e+00 -4.409402199697150943e-02 -6.603181945371123795e-01
1.129999999999999893e+00 -3.757776430347517516e-02 -6.418107721045459568e-01
1.139999999999999902e+00 -3.125780655488059889e-02 -6.174115655994839580e-01
1.149999999999999911e+00 -2.522953299148549336e-02 -5.836325190930518048e-01
1.159999999999999920e+00 -1.958515617301955988e-02 -9.951851845909454042e-01
1.169999999999999929e+00 -5.325829299666583888e-03 -9.559446300458541712e-01
1.179999999999999938e+00 -4.662635721024785277e-04 -2.644882992805248079e-01
1.189999999999999947e+00 -3.606331405608798990e-05 -2.331317860512393050e-02
1.199999999999999956e+00 0.000000000000000000e+00 -3.606331405608799098e-03
