0.000000000000000000e+00 1.198606639705193447e+04 1.865970771343198721e+05
1.000000000000000021e-02 1.012009562570873641e+04 1.721705319964005612e+05
2.000000000000000042e-02 8.542655757123922740e+03 1.455404566025180684e+05
2.999999999999999889e-02 7.209286493658374638e+03 1.230144758053984842e+05
4.000000000000000083e-02 6.082366241015954074e+03 1.039612654789683584e+05
4.999999999999999584e-02 5.130061184079007944e+03 8.784652287980660913e+04
5.999999999999999778e-02 4.325435783419821746e+03 7.421806396899979154e+04
6.999999999999999278e-02 3.645699904699011768e+03 6.269320921690758405e+04
8.000000000000000167e-02 3.071571599081670684e+03 5.294810651495878847e+04
8.999999999999999667e-02 2.586737774399836326e+03 4.470869376537359494e+04
9.999999999999999167e-02 2.177397723774198766e+03 3.774304938432648487e+04
1.099999999999999867e-01 1.831876786713306728e+03 3.185491760803203942e+04
1.199999999999999956e-01 1.540299371613558151e+03 2.687822821082611699e+04
1.300000000000000044e-01 1.294312222496784443e+03 2.267245794059619220e+04
1.399999999999999856e-01 1.086850212801634370e+03 1.911870442106633345e+04
1.499999999999999944e-01 9.119381340754576968e+02 1.611636311527928046e+04
1.600000000000000033e-01 7.645229504960486793e+02 1.358031474269851969e+04
1.699999999999999845e-01 6.403318392214873711e+02 1.143854476144228465e+04
1.799999999999999933e-01 5.357520552672031044e+02 9.630128563186961401e+03
1.899999999999999745e-01 4.477292679577481636e+02 8.103526216398772704e+03
1.999999999999999833e-01 3.736815309392276276e+02 6.815139217465187357e+03
2.099999999999999922e-01 3.114264836084444710e+02 5.728089009148689911e+03
2.199999999999999734e-01 2.591197507562538362e+02 4.811183204855497024e+03
2.299999999999999822e-01 2.152028195113345248e+02 4.038040687568829071e+03
2.399999999999999911e-01 1.783589370048772480e+02 3.386351179593955294e+03
2.500000000000000000e-01 1.474757959194554360e+02 2.837248626794088523e+03
2.600000000000000089e-01 1.216139644689954764e+02 2.374780913126252017e+03
2.700000000000000178e-01 9.998017765693039394e+01 1.985461106355046468e+03
2.799999999999999711e-01 8.190474234189454705e+01 1.657887708610617665e+03
2.899999999999999800e-01 6.682242348471804405e+01 1.382423309262340354e+03
2.999999999999999889e-01 5.425627615664774339e+01 1.150922665983168827e+03
3.099999999999999423e-01 4.380397016505467178e+01 1.317414143960076672e+03
3.200000000000000067e-01 2.790799327744621294e+01 1.422456599831500853e+03
3.300000000000000155e-01 1.535483816842465465e+01 1.021415563691091279e+03
3.399999999999999689e-01 7.479682003624389175e+00 4.281036950697313728e+02
3.500000000000000333e-01 6.792764267030028336e+00 1.398094797218926431e+02
3.599999999999999867e-01 4.683492409186536420e+00 1.137992581022692207e+02
3.699999999999999956e-01 4.516779104984643745e+00 3.347782907818027809e+01
3.799999999999999489e-01 4.013935827622931107e+00 5.370316992991383387e+01
3.900000000000000133e-01 3.442715706386367369e+00 5.627023007412133637e+01
3.999999999999999667e-01 2.888531226140504060e+00 5.355575377208222676e+01
4.099999999999999756e-01 2.371600630944723065e+00 4.939559994483104788e+01
4.199999999999999845e-01 1.900619227243883547e+00 4.502278490973116476e+01
4.299999999999999933e-01 1.471144932750099832e+00 4.153434092112514264e+01
4.399999999999999467e-01 1.069932408821380854e+00 3.871958228813444691e+01
4.499999999999999556e-01 6.967532869874109025e-01 3.553350111095561914e+01
4.599999999999999645e-01 3.592623866022683909e-01 3.185356869933760748e+01
4.699999999999999734e-01 5.968191300065883026e-02 2.826613547367649559e+01
4.799999999999999822e-01 -2.060603228712615531e-01 2.521915338443413290e+01
4.899999999999999911e-01 -4.447011546880237920e-01 2.252901702886407520e+01
5.000000000000000000e-01 -6.566406634485429938e-01 1.961217339154665140e+01
5.100000000000000089e-01 -8.369446225189568489e-01 1.665655045133915735e+01
5.200000000000000178e-01 -9.897716724753260475e-01 1.442534194928892610e+01
5.299999999999999156e-01 -1.125451461504735295e+00 1.278800828618003393e+01
5.400000000000000355e-01 -1.245531838198926877e+00 1.093464394268137951e+01
5.499999999999999334e-01 -1.344144340358362832e+00 8.676036713398994848e+00
5.599999999999999423e-01 -1.419052572466906748e+00 6.502559052688507535e+00
5.699999999999999512e-01 -1.474195521412132948e+00 4.749015801622889832e+00
5.799999999999999600e-01 -1.514032888499364349e+00 3.352800646488360403e+00
5.899999999999999689e-01 -1.541251534341900209e+00 2.236119074941409046e+00
5.999999999999999778e-01 -1.558755269998192583e+00 1.279313644131925498e+00
6.099999999999999867e-01 -1.566837807224538581e+00 1.454730003287786622e-01
6.199999999999998845e-01 -1.561664730004768131e+00 -1.215156845453698953e+00
6.300000000000000044e-01 -1.542534670315464762e+00 -2.314537520242103685e+00
6.400000000000000133e-01 -1.515373979599926146e+00 -2.864191961314848545e+00
6.499999999999999112e-01 -1.485250831089167667e+00 -3.203086576942516750e+00
6.600000000000000311e-01 -1.451312248061075838e+00 -3.796790538447599506e+00
6.700000000000000400e-01 -1.409315020320215828e+00 -4.670367648466858590e+00
6.799999999999999378e-01 -1.357904895091738728e+00 -5.549396801536711443e+00
6.899999999999999467e-01 -1.298327084289481625e+00 -6.311383537468986837e+00
7.000000000000000666e-01 -1.231677224342358823e+00 -6.914681344221992099e+00
7.099999999999999645e-01 -1.160033457405041712e+00 -7.224129774352510580e+00
7.199999999999999734e-01 -1.087194628855308709e+00 -7.292992309840209408e+00
7.299999999999998712e-01 -1.014173611208237569e+00 -7.398151460519653000e+00
7.399999999999999911e-01 -9.392315996449156490e-01 -7.579171726753714644e+00
7.500000000000000000e-01 -8.625901766731631781e-01 -7.573664498461890382e+00
7.599999999999998979e-01 -7.877583096756778369e-01 -7.260685708493608281e+00
7.699999999999999067e-01 -7.173764625032910125e-01 -6.780938700542001207e+00
7.800000000000000266e-01 -6.521395356648378439e-01 -6.252910336332751839e+00
7.899999999999999245e-01 -5.923182557766359935e-01 -5.765933705270597898e+00
7.999999999999999334e-01 -5.368208615594258770e-01 -5.476522864612558550e+00
8.100000000000000533e-01 -4.827877984843849113e-01 -5.325355938412015711e+00
8.199999999999999512e-01 -4.303137427911856161e-01 -5.005620545462821980e+00
8.299999999999999600e-01 -3.826753875751284784e-01 -4.431037869854667299e+00
8.399999999999999689e-01 -3.416929853940922635e-01 -3.833915005411346666e+00
8.499999999999999778e-01 -3.059970874669015184e-01 -3.418322609206223550e+00
8.599999999999999867e-01 -2.733265332099678036e-01 -3.197954974672532646e+00
8.699999999999999956e-01 -2.420379879734508854e-01 -3.100109026269659562e+00
8.799999999999998934e-01 -2.113243526845746123e-01 -3.054825353441816826e+00
8.900000000000000133e-01 -1.809414809046145656e-01 -3.014454358314880178e+00
8.999999999999999112e-01 -1.510352655182770065e-01 -2.871621620622995419e+00
9.099999999999999201e-01 -1.235090484921546605e-01 -2.499265480797394634e+00
9.199999999999999289e-01 -1.010499559023291249e-01 -1.989847135532030409e+00
9.299999999999999378e-01 -8.371210578151405679e-02 -1.575825272805120969e+00
9.399999999999999467e-01 -6.953345044622670501e-02 -1.290086441791389538e+00
9.499999999999999556e-01 -5.791037694568626493e-02 -1.027113980172418950e+00
9.599999999999999645e-01 -4.899117084277831990e-02 -8.243329862591415313e-01
9.699999999999999734e-01 -4.142371722050343374e-02 -7.250181553868139117e-01
9.799999999999999822e-01 -3.449080773504204639e-02 -5.862123140077901695e-01
9.899999999999998801e-01 -2.969947094034763174e-02 -3.345964055841968432e-01
1.000000000000000000e+00 -2.779887962335811022e-02 -1.083165649914115125e-01
1.010000000000000009e+00 -2.753313964051940302e-02 1.595535567204216590e-02
1.020000000000000018e+00 -2.811798673679895277e-02 8.345436672918422893e-02
1.029999999999999805e+00 -2.920222697510308635e-02 9.653455390355968058e-02
1.040000000000000036e+00 -3.004867781487014639e-02 5.500415380028792628e-02
1.050000000000000044e+00 -3.030231005110884529e-02 1.536911924156753734e-02
1.059999999999999831e+00 -3.035606019970149907e-02 1.211380248667350175e-02
1.069999999999999840e+00 -3.054458610084231571e-02 1.461225470859690324e-02
1.080000000000000071e+00 -3.064830529387343669e-02 -1.629873208948165800e-02
1.089999999999999858e+00 -3.021861145905268414e-02 -7.877123367479200999e-02
1.099999999999999867e+00 -2.907288062037759538e-02 -1.373978918579410735e-01
1.109999999999999876e+00 -2.747065362189386045e-02 -1.689720851449390271e-01
1.119999999999999885e+00 -2.569343891747881761e-02 -1.904751253306763703e-01
1.129999999999999893e+00 -2.366115111528033568e-02 -2.255121542917832012e-01
1.139999999999999902e+00 -2.118319583164315206e-02 -2.693193132837092274e-01
1.149999999999999911e+00 -1.827476484960615169e-02 -3.119014157715451208e-01
1.159999999999999920e+00 -1.494516751621225055e-02 -8.435699783335737223e-01
1.169999999999999929e+00 -1.403365282934678892e-03 -7.329545683566540681e-01
1.179999999999999938e+00 -2.860761490791696531e-04 -6.677109751006639338e-02
1.189999999999999947e+00 -6.794333273335079670e-05 -1.430380745395848537e-02
1.199999999999999956e+00 0.000000000000000000e+00 -6.794333273335080754e-03
