0.000000000000000000e+00 1.397222911328587713e+02 4.698138763076492523e+02
1.000000000000000021e-02 1.350241523697822856e+02 4.698138763076480586e+02
2.000000000000000042e-02 1.303260136067058284e+02 4.698138763076480586e+02
2.999999999999999889e-02 1.256278748436293284e+02 4.698138763076492523e+02
4.000000000000000083e-02 1.209297360805528427e+02 4.698138763076492523e+02
4.999999999999999584e-02 1.162315973174763428e+02 4.698138763076492523e+02
5.999999999999999778e-02 1.115334585543998571e+02 4.698138763076492523e+02
6.999999999999999278e-02 1.068353197913233572e+02 4.698138763076498776e+02
8.000000000000000167e-02 1.021371810282468573e+02 4.698138763076486839e+02
8.999999999999999667e-02 9.743904226517038580e+01 4.698138763076486839e+02
9.999999999999999167e-02 9.274090350209388589e+01 4.698138763076492523e+02
1.099999999999999867e-01 8.804276473901740019e+01 4.698138763076492523e+02
1.199999999999999956e-01 8.334462597594090028e+01 4.698138763076498776e+02
1.300000000000000044e-01 7.864648721286441457e+01 4.698138763076492523e+02
1.399999999999999856e-01 7.394834844978791466e+01 4.698138763076486839e+02
1.499999999999999944e-01 6.925020968671142896e+01 4.698138763076486839e+02
1.600000000000000033e-01 6.455207092363494326e+01 4.698138763076492523e+02
1.699999999999999845e-01 5.985393216055845045e+01 4.698138763076486839e+02
1.799999999999999933e-01 5.515579339748197185e+01 4.698138763076489681e+02
1.899999999999999745e-01 5.045765463440547194e+01 4.698138763076492523e+02
1.999999999999999833e-01 4.575951587132898624e+01 4.698138763076489681e+02
2.099999999999999922e-01 4.106137710825249343e+01 4.698138763076489681e+02
2.199999999999999734e-01 3.636323834517600773e+01 4.698138763076489681e+02
2.299999999999999822e-01 3.166509958209951492e+01 4.698138763076498776e+02
2.399999999999999911e-01 2.696696081902301145e+01 4.698138763076498776e+02
2.500000000000000000e-01 2.226882205594651865e+01 4.698138763076489681e+02
2.600000000000000089e-01 1.757068329287003294e+01 4.698138763076488544e+02
2.700000000000000178e-01 1.287254452979354191e+01 4.698138763076490250e+02
2.799999999999999711e-01 8.174405766717052657e+00 3.522115997223994555e+02
2.899999999999999800e-01 5.828312535345552270e+00 1.942004074547660650e+02
2.999999999999999889e-01 4.290397617621731108e+00 1.334732747936848511e+02
3.099999999999999423e-01 3.158847039471855744e+00 1.014627902118821936e+02
3.200000000000000067e-01 2.261141813384087484e+00 8.208535685381542635e+01
3.300000000000000155e-01 1.517139902395547635e+00 6.844638616430626143e+01
3.399999999999999689e-01 8.922140900979622646e-01 5.786545869252213237e+01
3.500000000000000333e-01 3.598307285451050053e-01 4.951249872151482379e+01
3.599999999999999867e-01 -9.803588433233388633e-02 4.252083789222703558e+01
3.699999999999999956e-01 -4.905860292994355665e-01 3.567440215530425718e+01
3.799999999999999489e-01 -8.115239274384189461e-01 2.826001665268154284e+01
3.900000000000000133e-01 -1.055786362353066332e+00 2.041571936929560493e+01
3.999999999999999667e-01 -1.219838314824331027e+00 1.273924843268170015e+01
4.099999999999999756e-01 -1.310571331006700424e+00 5.797778416680928970e+00
4.199999999999999845e-01 -1.335793883157949669e+00 -2.504418659397619762e-01
4.299999999999999933e-01 -1.305562493687905112e+00 -5.379082548888079351e+00
4.399999999999999467e-01 -1.228212232180188046e+00 -9.384857443125705245e+00
4.499999999999999556e-01 -1.117865344825391016e+00 -1.180478027024119037e+01
4.599999999999999645e-01 -9.921166267753642742e-01 -1.203488214036209847e+01
4.699999999999999734e-01 -8.771677020181490869e-01 -9.827704208201994973e+00
4.799999999999999822e-01 -7.955625426113244192e-01 -5.520043155668881596e+00
4.899999999999999911e-01 -7.667668389047713751e-01 -3.723413450566279148e-01
5.000000000000000000e-01 -7.881157157101917887e-01 3.676376654952902001e+00
5.100000000000000089e-01 -8.402943720038295039e-01 5.456474725414447668e+00
5.200000000000000178e-01 -8.972452102184806932e-01 5.218291610749384191e+00
5.299999999999999156e-01 -9.446602042188171344e-01 4.164462011385031914e+00
5.400000000000000355e-01 -9.805344504461813715e-01 3.216340602145139282e+00
5.499999999999999334e-01 -1.008987016261719827e+00 2.433966466894178282e+00
5.599999999999999423e-01 -1.029213779784065030e+00 1.281485474498747834e+00
5.699999999999999512e-01 -1.034616725751694943e+00 -6.194407322701016572e-01
5.799999999999999600e-01 -1.016824965138662940e+00 -3.149690074725307376e+00
5.899999999999999689e-01 -9.716229242571887692e-01 -5.855022574852139172e+00
5.999999999999999778e-01 -8.997245136416200939e-01 -8.112069727513290474e+00
6.099999999999999867e-01 -8.093815297069228976e-01 -9.572837563703483710e+00
6.199999999999998845e-01 -7.082677623675505130e-01 -1.039192366370420473e+01
6.300000000000000044e-01 -6.015430564328388963e-01 -1.070180775832365860e+01
6.400000000000000133e-01 -4.942316072010772832e-01 -1.050035598218727984e+01
6.499999999999999112e-01 -3.915359367890932640e-01 -9.656435295153325882e+00
6.600000000000000311e-01 -3.011029012980108166e-01 -8.102792006694054194e+00
6.700000000000000400e-01 -2.294800966552121846e-01 -5.899174812824206526e+00
6.799999999999999378e-01 -1.831194050415266839e-01 -3.198051468398648289e+00
6.899999999999999467e-01 -1.655190672872392244e-01 -4.000691967150306616e-01
7.000000000000000666e-01 -1.751180211072260740e-01 1.877151070236300123e+00
7.099999999999999645e-01 -2.030620886919652368e-01 3.324215843586860508e+00
7.199999999999999734e-01 -2.416023379789632719e-01 4.052524370169425794e+00
7.299999999999998712e-01 -2.841125760953537305e-01 4.390085257603753455e+00
7.399999999999999911e-01 -3.294040431310383266e-01 4.523365109935584272e+00
7.500000000000000000e-01 -3.745798782940654159e-01 4.303962063328203413e+00
7.599999999999998979e-01 -4.154832843976024037e-01 3.634891526948277996e+00
7.699999999999999067e-01 -4.472777088330309736e-01 2.801714346407382816e+00
7.800000000000000266e-01 -4.715175713257500623e-01 2.115843540152955615e+00
7.899999999999999245e-01 -4.895945796360900437e-01 1.530360744795192574e+00
7.999999999999999334e-01 -5.021247862216539071e-01 9.204994829522648025e-01
8.100000000000000533e-01 -5.080045692951353775e-01 3.071732517855394473e-01
8.199999999999999512e-01 -5.082682512573647449e-01 -2.457856320834742314e-01
8.299999999999999600e-01 -5.030888566534659212e-01 -7.660633649195651707e-01
8.399999999999999689e-01 -4.929469839589734059e-01 -1.251472560942191503e+00
8.499999999999999778e-01 -4.780594054346220534e-01 -1.722569812029930647e+00
8.599999999999999867e-01 -4.584955877183747863e-01 -2.142413983623074447e+00
8.699999999999999956e-01 -4.352111257621605889e-01 -2.542575207095802980e+00
8.799999999999998934e-01 -4.076440835764587045e-01 -2.989701489645879562e+00
8.900000000000000133e-01 -3.754170959692429976e-01 -3.389861703922609326e+00
8.999999999999999112e-01 -3.398468494980065313e-01 -3.462809245850349438e+00
9.099999999999999201e-01 -3.061609110522359734e-01 -3.043700780627378144e+00
9.199999999999999289e-01 -2.789728338854590151e-01 -2.385084216698812210e+00
9.299999999999999378e-01 -2.584592267182597713e-01 -1.791211105331271369e+00
9.399999999999999467e-01 -2.431486117788335677e-01 -1.369015446158846627e+00
9.499999999999999556e-01 -2.310789177950828277e-01 -1.162130273102780498e+00
9.599999999999999645e-01 -2.199060063167779522e-01 -1.235669336010243313e+00
9.699999999999999734e-01 -2.063655310748779559e-01 -1.503137148150775815e+00
9.799999999999999822e-01 -1.898432633537624481e-01 -1.790171621952156400e+00
9.899999999999998801e-01 -1.705620986358348246e-01 -1.972784854187438874e+00
1.000000000000000000e+00 -1.503875662700136784e-01 -2.054505447346084424e+00
1.010000000000000009e+00 -1.294719896889131583e-01 -2.048159351453509913e+00
1.020000000000000018e+00 -1.094243792409434757e-01 -1.991023166226103092e+00
1.029999999999999805e+00 -8.965152636439108202e-02 -1.898284796633274985e+00
1.040000000000000036e+00 -7.145868330827798154e-02 -1.795041903355356183e+00
1.050000000000000044e+00 -5.375068829728396613e-02 -1.703396166560222413e+00
1.059999999999999831e+00 -3.739075997707353577e-02 -1.621878146900543660e+00
1.069999999999999840e+00 -2.131312535927309612e-02 -1.480697568742772141e+00
1.080000000000000071e+00 -7.776808602218095341e-03 -1.318323722777193341e+00
1.089999999999999858e+00 5.053349096270770384e-03 -1.223128306800222775e+00
1.099999999999999867e+00 1.668575753378635437e-02 -1.132117116918672783e+00
1.109999999999999876e+00 2.769569143464422484e-02 -9.880986560894988724e-01
1.119999999999999885e+00 3.644773065557633390e-02 -7.460758021694020581e-01
1.129999999999999893e+00 4.261720747803226378e-02 -3.932975665264059062e-01
1.139999999999999902e+00 4.431368198610444870e-02 6.612332307988040558e-02
1.149999999999999911e+00 4.129474101643465511e-02 5.036556920644119639e-01
1.159999999999999920e+00 3.424056814481621358e-02 1.529942096354959258e+00
1.169999999999999929e+00 1.069589908933547134e-02 1.642995887941495647e+00
1.179999999999999938e+00 1.380650385986303226e-03 5.288835324290515061e-01
1.189999999999999947e+00 1.182284407544409812e-04 6.903251929931517039e-02
1.199999999999999956e+00 0.000000000000000000e+00 1.182284407544409964e-02
