0.000000000000000000e+00 1.938250032748636045e+02 6.908554485450936227e+02
1.000000000000000021e-02 1.869164487894126694e+02 6.908554485450924858e+02
2.000000000000000042e-02 1.800078943039617627e+02 6.908554485450913489e+02
2.999999999999999889e-02 1.730993398185108560e+02 6.908554485450913489e+02
4.000000000000000083e-02 1.661907853330599210e+02 6.908554485450924858e+02
4.999999999999999584e-02 1.592822308476089859e+02 6.908554485450924858e+02
5.999999999999999778e-02 1.523736763621580792e+02 6.908554485450924858e+02
6.999999999999999278e-02 1.454651218767071441e+02 6.908554485450924858e+02
8.000000000000000167e-02 1.385565673912562374e+02 6.908554485450924858e+02
8.999999999999999667e-02 1.316480129058053024e+02 6.908554485450913489e+02
9.999999999999999167e-02 1.247394584203544099e+02 6.908554485450913489e+02
1.099999999999999867e-01 1.178309039349034748e+02 6.908554485450936227e+02
1.199999999999999956e-01 1.109223494494525397e+02 6.908554485450924858e+02
1.300000000000000044e-01 1.040137949640016188e+02 6.908554485450919174e+02
1.399999999999999856e-01 9.710524047855069796e+01 6.908554485450919174e+02
1.499999999999999944e-01 9.019668599309979129e+01 6.908554485450919174e+02
1.600000000000000033e-01 8.328813150764887041e+01 6.908554485450924858e+02
1.699999999999999845e-01 7.637957702219793532e+01 6.908554485450919174e+02
1.799999999999999933e-01 6.947102253674702865e+01 6.908554485450919174e+02
1.899999999999999745e-01 6.256246805129610067e+01 6.908554485450919174e+02
1.999999999999999833e-01 5.565391356584518689e+01 6.908554485450919174e+02
2.099999999999999922e-01 4.874535908039426602e+01 6.908554485450919174e+02
2.199999999999999734e-01 4.183680459494335224e+01 6.908554485450919174e+02
2.299999999999999822e-01 3.492825010949243136e+01 6.908554485450933953e+02
2.399999999999999911e-01 2.801969562404148562e+01 6.908554485450931679e+02
2.500000000000000000e-01 2.111114113859056829e+01 6.908554485450920311e+02
2.600000000000000089e-01 1.420258665313964741e+01 6.908554485450921447e+02
2.700000000000000178e-01 7.294032167688727419e+00 5.076370916640714199e+02
2.799999999999999711e-01 4.049844819858219758e+00 2.612351131000402233e+02
2.899999999999999800e-01 2.069329905687923077e+00 1.626366344507574411e+02
2.999999999999999889e-01 7.971121308430714203e-01 1.036815887879114371e+02
3.099999999999999423e-01 -4.301870070305718018e-03 6.542727025531810625e+01
3.200000000000000067e-01 -5.114332742632905493e-01 4.432563653501949119e+01
3.300000000000000155e-01 -8.908146007706955194e-01 3.729540373425428612e+01
3.399999999999999689e-01 -1.257341348948376014e+00 3.721468607103926729e+01
3.500000000000000333e-01 -1.635108322191480834e+00 3.565689016148998292e+01
3.599999999999999867e-01 -1.970479152178175708e+00 2.769790433711610333e+01
3.699999999999999956e-01 -2.189066408933802776e+00 1.333855327889042286e+01
3.799999999999999489e-01 -2.237250217755983872e+00 -4.463257817854516141e+00
3.900000000000000133e-01 -2.099801252576712685e+00 -2.165085440373107417e+01
3.999999999999999667e-01 -1.804233129681362513e+00 -3.365462171979349648e+01
4.099999999999999756e-01 -1.426708818180842719e+00 -3.642559909705219212e+01
4.199999999999999845e-01 -1.075721147740318795e+00 -2.959501043375659535e+01
4.299999999999999933e-01 -8.348086095057108968e-01 -1.844805776752086501e+01
4.399999999999999467e-01 -7.067599923899016146e-01 -1.001093985301384492e+01
4.499999999999999556e-01 -6.345898124454339984e-01 -6.499446946879999132e+00
4.599999999999999645e-01 -5.767710534523016186e-01 -4.632188304604350826e+00
4.699999999999999734e-01 -5.419460463533469774e-01 -1.323553050777937168e+00
4.799999999999999822e-01 -5.502999924367428797e-01 2.649428864382231907e+00
4.899999999999999911e-01 -5.949346236409916999e-01 5.307194779997610468e+00
5.000000000000000000e-01 -6.564438880366950668e-01 5.981711036280973559e+00
5.100000000000000089e-01 -7.145688443666111667e-01 4.838649874605462031e+00
5.200000000000000178e-01 -7.532168855288042808e-01 2.436150781003421972e+00
5.299999999999999156e-01 -7.632918599866795883e-01 -5.209113864188822385e-01
5.400000000000000355e-01 -7.427986578004266427e-01 -3.422708458757196759e+00
5.499999999999999334e-01 -6.948376908115356798e-01 -5.855274573217576162e+00
5.599999999999999423e-01 -6.256931663360751905e-01 -7.599405890765515537e+00
5.699999999999999512e-01 -5.428495729962253824e-01 -8.491378845416219789e+00
5.799999999999999600e-01 -4.558655894277507392e-01 -8.588948087127672437e+00
5.899999999999999689e-01 -3.710706112536719115e-01 -8.243955054091108181e+00
5.999999999999999778e-01 -2.909864883459286067e-01 -7.730660055847316414e+00
6.099999999999999867e-01 -2.164574101367255921e-01 -7.074059265999873780e+00
6.199999999999998845e-01 -1.495053030259311522e-01 -6.378920632292491177e+00
6.300000000000000044e-01 -8.887899749087577184e-02 -5.765297327281172279e+00
6.400000000000000133e-01 -3.419935648030771741e-02 -5.221543028864467750e+00
6.499999999999999112e-01 1.555186308641356811e-02 -4.739387495054215194e+00
6.600000000000000311e-01 6.058839342077657758e-02 -4.256177212938766274e+00
6.700000000000000400e-01 1.006754073451888998e-01 -3.638730267317241474e+00
6.799999999999999378e-01 1.333629987671214046e-01 -2.859832108949746043e+00
6.899999999999999467e-01 1.578720495241838218e-01 -1.876007877831111559e+00
7.000000000000000666e-01 1.708831563237436235e-01 -7.160916498336669100e-01
7.099999999999999645e-01 1.721938825208571555e-01 4.380559142680233164e-01
7.199999999999999734e-01 1.621220380383831539e-01 1.455300124918686766e+00
7.299999999999998712e-01 1.430878800224834047e-01 2.185088728662227364e+00
7.399999999999999911e-01 1.184202634651386060e-01 2.544557545198305792e+00
7.500000000000000000e-01 9.219672911851731212e-02 2.580211715607812373e+00
7.599999999999998979e-01 6.681602915298236189e-02 2.421422808500118595e+00
7.699999999999999067e-01 4.376827294851493716e-02 2.226213917600118553e+00
7.800000000000000266e-01 2.229175080097998626e-02 2.148489787819087393e+00
7.899999999999999245e-01 7.984771921331991268e-04 2.208521825926563320e+00
7.999999999999999334e-01 -2.187868571755127028e-02 2.262625172291022224e+00
8.100000000000000533e-01 -4.445402625368724547e-02 2.164857896744250443e+00
8.199999999999999512e-01 -6.517584365243626887e-02 1.891978661966921216e+00
8.299999999999999600e-01 -8.229359949302565702e-02 1.466982635200833496e+00
8.399999999999999689e-01 -9.451549635645294101e-02 8.654092662742898234e-01
8.499999999999999778e-01 -9.960178481851145182e-02 1.511613049029975897e-01
8.599999999999999867e-01 -9.753872245451289391e-02 -4.995940572385681455e-01
8.699999999999999956e-01 -8.960990367374009613e-02 -9.228619346028524850e-01
8.799999999999998934e-01 -7.908148376245584255e-02 -1.103230172125521547e+00
8.900000000000000133e-01 -6.754530023122966298e-02 -1.066112814317109692e+00
8.999999999999999112e-01 -5.775922747611365177e-02 -7.955151216540842229e-01
9.099999999999999201e-01 -5.163499779814798019e-02 -3.767389091043711336e-01
9.199999999999999289e-01 -5.022444929402623132e-02 -8.678925061762116783e-03
9.299999999999999378e-01 -5.146141929691273875e-02 1.611187813109146438e-01
9.399999999999999467e-01 -5.344682492024452336e-02 1.339120386969605836e-01
9.499999999999999556e-01 -5.413966007085195542e-02 6.001628112816143751e-02
9.599999999999999645e-01 -5.464715054280774864e-02 1.313024764047388271e-01
9.699999999999999734e-01 -5.676570959894673002e-02 3.356499846152043443e-01
9.799999999999999822e-01 -6.136015023511183497e-02 4.934944897036307454e-01
9.899999999999998801e-01 -6.663559939301934298e-02 4.691787991478209574e-01
1.000000000000000000e+00 -7.074372621806825079e-02 2.420901330897488046e-01
1.010000000000000009e+00 -7.147740205481431519e-02 -1.598573507161816787e-01
1.020000000000000018e+00 -6.754657920374462776e-02 -6.491045679824136716e-01
1.029999999999999805e+00 -5.849531069516604453e-02 -1.095881082403118212e+00
1.040000000000000036e+00 -4.562895755568226186e-02 -1.382708078932747275e+00
1.050000000000000044e+00 -3.084114911651110458e-02 -1.462301558959315129e+00
1.059999999999999831e+00 -1.638292637649595845e-02 -1.356410348453574555e+00
1.069999999999999840e+00 -3.712942147439616831e-03 -1.119405248511495810e+00
1.080000000000000071e+00 6.005178593733956870e-03 -8.153558582921014430e-01
1.089999999999999858e+00 1.259417501840241066e-02 -5.078202194774809053e-01
1.099999999999999867e+00 1.616158298328357334e-02 -2.445726623294588176e-01
1.109999999999999876e+00 1.748562826499158729e-02 -7.190119542868972369e-02
1.119999999999999885e+00 1.759960689185736948e-02 8.491898635121796629e-03
1.129999999999999893e+00 1.731579029228915226e-02 5.194352799884591199e-02
1.139999999999999902e+00 1.656073633188044972e-02 1.160363164763768412e-01
1.149999999999999911e+00 1.499506396276161467e-02 2.102818876266222547e-01
1.159999999999999920e+00 1.235509857934800719e-02 6.669929585177722942e-01
1.169999999999999929e+00 1.655204792406170375e-03 6.105447780409055669e-01
1.179999999999999938e+00 1.442030185298945799e-04 8.226163655557550136e-02
1.189999999999999947e+00 9.972061294660421619e-06 7.210150926494731001e-03
1.199999999999999956e+00 0.000000000000000000e+00 9.972061294660421009e-04
