0.000000000000000000e+00 1.814219637600000112e+02 5.484802113333333864e+02
1.001999999999999939e-02 1.759371581600000241e+02 5.484802113333333864e+02
1.998000000000000123e-02 1.704523525600000085e+02 5.484802113333333864e+02
2.999999999999999889e-02 1.649675469600000213e+02 5.484802113333333864e+02
4.001999999999999308e-02 1.594827413600000341e+02 5.484802113333333864e+02
4.997999999999999665e-02 1.539979357600000185e+02 5.484802113333333864e+02
5.999999999999999778e-02 1.485131301600000313e+02 5.484802113333333864e+02
7.001999999999999891e-02 1.430283245600000157e+02 5.484802113333333864e+02
7.997999999999999554e-02 1.375435189600000001e+02 5.484802113333333864e+02
8.999999999999999667e-02 1.320587552000000073e+02 5.484802113333333864e+02
1.000199999999999839e-01 1.265739496000000202e+02 5.484802113333333864e+02
1.099799999999999944e-01 1.210891440000000188e+02 5.484802113333333864e+02
1.199999999999999956e-01 1.156043384000000032e+02 5.484802113333333864e+02
1.300199999999999967e-01 1.101195328000000160e+02 5.484802113333333864e+02
1.399799999999999933e-01 1.046347272000000146e+02 5.484802113333333864e+02
1.499999999999999944e-01 9.914992160000001320e+01 5.484802113333333864e+02
1.600199999999999956e-01 9.366511600000001181e+01 5.484802113333333864e+02
1.699799999999999922e-01 8.818031040000001042e+01 5.484802113333333864e+02
1.799999999999999933e-01 8.269550480000000903e+01 5.484802113333333864e+02
1.900199999999999945e-01 7.721069920000000764e+01 5.484802113333333864e+02
1.999799999999999911e-01 7.172589360000000624e+01 5.484802113333333864e+02
2.099999999999999922e-01 6.624108800000000485e+01 5.484802113333333864e+02
2.200200000000000211e-01 6.075632424000000498e+01 5.484802113333333864e+02
2.299799999999999622e-01 5.527151864000001069e+01 5.484802113333333864e+02
2.399999999999999911e-01 4.978671304000000220e+01 5.484802113333333864e+02
2.500200000000000200e-01 4.430190744000000791e+01 5.484802113333333864e+02
2.599799999999999889e-01 3.881710183999999941e+01 5.484802113333333864e+02
2.700000000000000178e-01 3.333229624000000513e+01 5.484802113333333864e+02
2.800199999999999911e-01 2.784749064000000729e+01 5.484802113333333864e+02
2.899800000000000155e-01 2.236268504000000235e+01 5.484802113333333864e+02
2.999999999999999889e-01 1.687787944000000451e+01 5.484802113333333864e+02
3.100200000000000178e-01 1.139307384000000134e+01 5.484802113333333864e+02
3.199799999999999867e-01 5.908268240000000837e+00 4.374437549333334232e+02
3.300000000000000155e-01 2.644204320000000052e+00 2.848779605333334075e+02
3.400199999999999889e-01 2.107062400000000446e-01 2.059148626666666928e+02
3.499800000000000133e-01 -1.474065040000000160e+00 1.456227950666666970e+02
3.599999999999999867e-01 -2.701734320000000356e+00 1.067249838666666903e+02
3.700200000000000156e-01 -3.608574480000000584e+00 7.375590066666669031e+01
3.799799999999999844e-01 -4.176845360000000618e+00 4.987195506666667910e+01
3.900000000000000133e-01 -4.606040080000000536e+00 3.359305706666667390e+01
4.000199999999999867e-01 -4.848712080000000313e+00 2.135088226666666955e+01
4.099800000000000111e-01 -5.033059119999999886e+00 1.367149893333333566e+01
4.199999999999999845e-01 -5.122136480000000880e+00 3.505146000000000761e+00
4.300200000000000133e-01 -5.103141120000000086e+00 -3.479972266666667480e+00
4.399799999999999822e-01 -5.052556560000001085e+00 -1.090029626666666829e+01
4.499999999999999556e-01 -4.885154720000000950e+00 -2.070215306666667132e+01
4.600199999999999845e-01 -4.638507920000000340e+00 -2.820301906666666980e+01
4.699799999999999534e-01 -4.321067840000000437e+00 -3.524831720000000956e+01
4.799999999999999822e-01 -3.933545760000000779e+00 -3.796735933333334145e+01
4.900199999999999556e-01 -3.561713680000000881e+00 -3.720370960000000338e+01
4.999799999999999800e-01 -3.189463200000000498e+00 -3.357778546666667552e+01
5.100000000000000089e-01 -2.890181680000000419e+00 -2.745840653333333847e+01
5.200200000000000378e-01 -2.640271360000000289e+00 -2.353297773333333964e+01
5.299800000000000066e-01 -2.419523520000000261e+00 -1.629912066666667059e+01
5.400000000000000355e-01 -2.314295920000000173e+00 -1.049423906666666895e+01
5.500199999999999534e-01 -2.209612240000000227e+00 -7.404285333333334940e+00
5.599800000000000333e-01 -2.166224160000000065e+00 -4.414120000000000488e+00
5.699999999999999512e-01 -2.121371680000000204e+00 -2.779222000000000747e+00
5.800199999999999800e-01 -2.110618800000000128e+00 -3.430670800000000575e+00
5.899799999999999489e-01 -2.052754080000000148e+00 -4.686777333333334461e+00
5.999999999999999778e-01 -2.016897200000000279e+00 -4.484690133333334217e+00
6.100199999999998957e-01 -1.963049120000000203e+00 -7.204011200000001836e+00
6.199800000000000866e-01 -1.872800240000000116e+00 -7.815781733333334813e+00
6.300000000000000044e-01 -1.806734880000000265e+00 -6.481225200000000797e+00
6.400199999999999223e-01 -1.743179919999999994e+00 -8.115286400000002232e+00
6.499799999999998912e-01 -1.644437520000000097e+00 -6.630384800000001633e+00
6.600000000000000311e-01 -1.610588960000000291e+00 -4.692146800000000617e+00
6.700199999999999489e-01 -1.550590400000000146e+00 -1.765926933333333615e+00
6.799799999999999178e-01 -1.575276000000000343e+00 -7.298290666666668036e-01
6.899999999999999467e-01 -1.535988240000000227e+00 -1.547103733333333508e+00
7.000199999999999756e-01 -1.544314400000000198e+00 -2.135932000000000663e-01
7.099799999999999445e-01 -1.531720560000000120e+00 -1.778339466666666979e+00
7.199999999999999734e-01 -1.508750400000000047e+00 -1.991514266666667199e+00
7.300199999999998912e-01 -1.491888880000000306e+00 -2.898535733333333919e+00
7.399799999999999711e-01 -1.450802000000000147e+00 -4.156246133333334036e+00
7.500000000000000000e-01 -1.408752800000000249e+00 -3.668322000000001193e+00
7.600199999999999179e-01 -1.377414640000000245e+00 -3.713927600000000773e+00
7.699799999999999978e-01 -1.334486800000000084e+00 -2.166475200000000267e+00
7.800000000000000266e-01 -1.334110240000000225e+00 -1.797585866666666865e+00
7.900199999999999445e-01 -1.298546240000000296e+00 -2.113826533333333479e+00
7.999799999999999134e-01 -1.291810000000000125e+00 -2.009087066666666921e+00
8.100000000000000533e-01 -1.258338000000000179e+00 -2.766112133333333833e+00
8.200199999999999712e-01 -1.236497520000000128e+00 -2.872594933333333600e+00
8.299799999999999400e-01 -1.200891680000000239e+00 -1.967526000000000330e+00
8.399999999999999689e-01 -1.197126080000000314e+00 5.780893333333334688e-02
8.500199999999999978e-01 -1.202063200000000220e+00 -1.391947066666666899e+00
8.599799999999999667e-01 -1.169302480000000255e+00 -4.471440800000000770e+00
8.699999999999999956e-01 -1.112609280000000034e+00 -4.702467333333334665e+00
8.800199999999999134e-01 -1.075246160000000062e+00 -4.621716133333333865e+00
8.899799999999999933e-01 -1.020184720000000045e+00 -6.023914000000001323e+00
8.999999999999999112e-01 -9.547888000000001041e-01 -6.591543333333334864e+00
9.100199999999999401e-01 -8.883468800000001719e-01 -6.813086133333335681e+00
9.199800000000000200e-01 -8.185159200000000634e-01 -7.450518533333335469e+00
9.299999999999999378e-01 -7.393546400000000629e-01 -6.918313733333333992e+00
9.400199999999999667e-01 -6.801510400000000400e-01 -6.811970400000000758e+00
9.499799999999999356e-01 -6.031236000000000930e-01 -7.803927066666668466e+00
9.599999999999999645e-01 -5.240878400000000825e-01 -8.652302800000001071e+00
9.700199999999999934e-01 -4.300733600000000711e-01 -7.886072933333334589e+00
9.799799999999999622e-01 -3.663510400000000722e-01 -7.252127200000002105e+00
9.899999999999998801e-01 -2.850140800000000585e-01 -6.766504266666668599e+00
1.000019999999999909e+00 -2.310404800000000480e-01 -5.920081066666667446e+00
1.009979999999999878e+00 -1.666068800000000127e-01 -6.348243733333334582e+00
1.020000000000000018e+00 -1.040560800000000091e-01 -6.334785200000001559e+00
1.030019999999999936e+00 -3.991536000000000389e-02 -5.477623066666668095e+00
1.039979999999999905e+00 5.481040000000001258e-03 -4.076262000000000718e+00
1.050000000000000044e+00 4.158896000000000814e-02 -2.173797200000000540e+00
1.060019999999999962e+00 4.899464000000000596e-02 -4.830428000000001054e-01
1.069979999999999931e+00 5.125400000000000789e-02 -1.345853333333333658e-02
1.080000000000000071e+00 4.924568000000000695e-02 1.298992533333333643e+00
1.090019999999999989e+00 2.527136000000000313e-02 1.581691466666667045e+00
1.099979999999999958e+00 1.761464000000000085e-02 -1.101786666666666921e-02
1.110000000000000098e+00 2.552240000000000411e-02 -1.285255066666666890e+00
1.120020000000000016e+00 4.330439999999999984e-02 -6.884772000000001224e-01
1.129979999999999984e+00 3.928776000000000490e-02 2.974126666666667140e-01
1.139999999999999902e+00 3.736312000000000660e-02 -1.405824000000000240e-01
1.150020000000000042e+00 4.209104000000000317e-02 1.494385333333333454e-01
1.159980000000000011e+00 3.439248000000000305e-02 1.415656400000000259e+00
1.169999999999999929e+00 1.376536000000000079e-02 1.622415733333333554e+00
1.180019999999999847e+00 1.924640000000000248e-03 6.803881333333334780e-01
1.189980000000000038e+00 1.673600000000000239e-04 9.658066666666668965e-02
1.199999999999999956e+00 0.000000000000000000e+00 1.666626666666667228e-02
