0.000000000000000000e+00 1.497953176582623485e+02 4.912457401437874296e+02
1.000000000000000021e-02 1.448828602568244719e+02 4.912457401437886233e+02
2.000000000000000042e-02 1.399704028553865953e+02 4.912457401437886233e+02
2.999999999999999889e-02 1.350579454539487188e+02 4.912457401437886233e+02
4.000000000000000083e-02 1.301454880525108138e+02 4.912457401437886233e+02
4.999999999999999584e-02 1.252330306510729372e+02 4.912457401437886233e+02
5.999999999999999778e-02 1.203205732496350464e+02 4.912457401437898170e+02
6.999999999999999278e-02 1.154081158481971414e+02 4.912457401437886233e+02
8.000000000000000167e-02 1.104956584467592648e+02 4.912457401437886233e+02
8.999999999999999667e-02 1.055832010453213741e+02 4.912457401437886233e+02
9.999999999999999167e-02 1.006707436438834975e+02 4.912457401437886233e+02
1.099999999999999867e-01 9.575828624244559251e+01 4.912457401437892486e+02
1.199999999999999956e-01 9.084582884100771594e+01 4.912457401437886233e+02
1.300000000000000044e-01 8.593337143956982516e+01 4.912457401437886233e+02
1.399999999999999856e-01 8.102091403813194859e+01 4.912457401437886233e+02
1.499999999999999944e-01 7.610845663669405781e+01 4.912457401437886233e+02
1.600000000000000033e-01 7.119599923525616703e+01 4.912457401437886233e+02
1.699999999999999845e-01 6.628354183381829046e+01 4.912457401437886233e+02
1.799999999999999933e-01 6.137108443238039968e+01 4.912457401437886233e+02
1.899999999999999745e-01 5.645862703094250890e+01 4.912457401437886233e+02
1.999999999999999833e-01 5.154616962950462522e+01 4.912457401437886233e+02
2.099999999999999922e-01 4.663371222806674155e+01 4.912457401437886233e+02
2.199999999999999734e-01 4.172125482662885076e+01 4.912457401437883391e+02
2.299999999999999822e-01 3.680879742519097420e+01 4.912457401437892486e+02
2.399999999999999911e-01 3.189634002375306920e+01 4.912457401437894760e+02
2.500000000000000000e-01 2.698388262231518553e+01 4.912457401437886233e+02
2.600000000000000089e-01 2.207142522087729830e+01 4.912457401437886233e+02
2.700000000000000178e-01 1.715896781943941463e+01 4.912457401437885665e+02
2.799999999999999711e-01 1.224651041800152917e+01 4.912457401437885665e+02
2.899999999999999800e-01 7.334053016563642835e+00 3.742760093587244228e+02
2.999999999999999889e-01 4.760990230827041536e+00 2.084773689438179645e+02
3.099999999999999423e-01 3.164505637687283990e+00 1.304790965184481593e+02
3.200000000000000067e-01 2.151408300458077960e+00 8.127512921451599937e+01
3.300000000000000155e-01 1.539003053396964305e+00 4.731818259385254066e+01
3.399999999999999689e-01 1.205044648581027555e+00 2.517117837825487570e+01
3.500000000000000333e-01 1.035579485831866764e+00 1.440705163234162889e+01
3.599999999999999867e-01 9.169036159341950043e-01 1.357119259801342537e+01
3.699999999999999956e-01 7.641556338715982388e-01 1.833307239760695140e+01
3.799999999999999489e-01 5.502421679820559408e-01 2.343059577822834427e+01
3.900000000000000133e-01 2.955437183070314111e-01 2.589925398798330747e+01
3.999999999999999667e-01 3.225708822238983892e-02 2.528915461261179587e+01
4.099999999999999756e-01 -2.102393739452044497e-01 2.192244112842886494e+01
4.199999999999999845e-01 -4.061917343461873831e-01 1.658602722120163264e+01
4.299999999999999933e-01 -5.419599183692370703e-01 1.063508978876022937e+01
4.399999999999999467e-01 -6.188935301213919216e-01 5.479233416321963368e+00
4.499999999999999556e-01 -6.515445866956762755e-01 2.402866259316269737e+00
4.599999999999999645e-01 -6.669508553077173607e-01 2.126309036927626739e+00
4.699999999999999734e-01 -6.940707674342287969e-01 4.413184562304894420e+00
4.799999999999999822e-01 -7.552145465538152580e-01 8.058945836402349627e+00
4.899999999999999911e-01 -8.552496841622758694e-01 1.135692185520694153e+01
5.000000000000000000e-01 -9.823529836579539820e-01 1.253551457636001487e+01
5.100000000000000089e-01 -1.105959975689476016e+00 1.062685135411943627e+01
5.200000000000000178e-01 -1.194890010740342845e+00 5.824548380697843086e+00
5.299999999999999156e-01 -1.222450943303432958e+00 -1.101561564323846776e+00
5.400000000000000355e-01 -1.172858779453865852e+00 -9.116532582438928500e+00
5.499999999999999334e-01 -1.040120291654654361e+00 -1.681073232301365294e+01
5.599999999999999423e-01 -8.366441329935927484e-01 -2.243248886233577366e+01
5.699999999999999512e-01 -5.914705144079389632e-01 -2.430396505092219428e+01
5.799999999999999600e-01 -3.505648319751489272e-01 -2.182428995852799503e+01
5.899999999999999689e-01 -1.549847152373791115e-01 -1.632774145468669857e+01
5.999999999999999778e-01 -2.401000288141501293e-02 -1.040259149924975901e+01
6.099999999999999867e-01 5.306711474761605096e-02 -6.098986747216668114e+00
6.199999999999998845e-01 9.796973206291835490e-02 -3.674016762769187761e+00
6.300000000000000044e-01 1.265474500029998006e-01 -2.436732702204001288e+00
6.400000000000000133e-01 1.467043861069983746e-01 -1.760233907492030792e+00
6.499999999999999112e-01 1.617521281528404020e-01 -1.217055639133837186e+00
6.600000000000000311e-01 1.710454988896751016e-01 -4.994776134288449465e-01
6.700000000000000400e-01 1.717416804214172976e-01 4.177539337509560413e-01
6.799999999999999378e-01 1.626904202146559897e-01 1.396965765323084474e+00
6.899999999999999467e-01 1.438023651149556159e-01 2.314860976801509374e+00
7.000000000000000666e-01 1.163932006786258105e-01 3.143064649220127738e+00
7.099999999999999645e-01 8.094107213055307115e-02 3.865761968760491385e+00
7.199999999999999734e-01 3.907796130341600199e-02 4.416729819455471606e+00
7.299999999999998712e-01 -7.393524258556350218e-03 4.625207506343095076e+00
7.399999999999999911e-01 -5.342618882344589426e-02 4.298221127786686857e+00
7.500000000000000000e-01 -9.335794681429007702e-02 3.394747537432944995e+00
7.599999999999998979e-01 -1.213211395721047886e-01 2.061017996526866458e+00
7.699999999999999067e-01 -1.345783067448274029e-01 5.178392629278789627e-01
7.800000000000000266e-01 -1.316779248306623740e-01 -1.041548457932840677e+00
7.899999999999999245e-01 -1.137473375861705882e-01 -2.426480781890848704e+00
7.999999999999999334e-01 -8.314830919284540989e-02 -3.411229138679948480e+00
8.100000000000000533e-01 -4.552275481257162665e-02 -3.882376696242805902e+00
8.199999999999999512e-01 -5.500775267989298570e-03 -3.932209487376785884e+00
8.299999999999999600e-01 3.312143493496407659e-02 -3.694878876685982139e+00
8.399999999999999689e-01 6.839680226573033317e-02 -3.195774996854027439e+00
8.499999999999999778e-01 9.703693487204460844e-02 -2.448621995853832445e+00
8.599999999999999867e-01 1.173692421828069765e-01 -1.555441205068820887e+00
8.699999999999999956e-01 1.281457589734210090e-01 -6.276605530249066422e-01
8.799999999999998934e-01 1.299224532433051194e-01 1.879173952015283922e-01
8.900000000000000133e-01 1.243874110693904550e-01 7.444239974027130335e-01
8.999999999999999112e-01 1.150339732952508492e-01 1.023618928873425427e+00
9.099999999999999201e-01 1.039150324919219520e-01 1.155435918431219955e+00
9.199999999999999289e-01 9.192525492662645403e-02 1.212800730359193224e+00
9.299999999999999378e-01 7.965901788473808698e-02 1.197112949162506546e+00
9.399999999999999467e-01 6.798299594337632590e-02 1.096224101732039102e+00
9.499999999999999556e-01 5.773453585009730160e-02 8.971910815910377757e-01
9.599999999999999645e-01 5.003917431155557177e-02 5.908394597497789169e-01
9.699999999999999734e-01 4.591774665510172521e-02 2.353850714311880588e-01
9.799999999999999822e-01 4.533147288293181559e-02 -7.519790199402942577e-02
9.899999999999998801e-01 4.742170469498231677e-02 -2.894235953085040336e-01
1.000000000000000000e+00 5.111994478910189543e-02 -4.189866001009555641e-01
1.010000000000000009e+00 5.580143669700142472e-02 -4.919523799334444836e-01
1.020000000000000018e+00 6.095899238777078427e-02 -5.291555223809222275e-01
1.029999999999999805e+00 6.638454714461987372e-02 -5.276125494627130763e-01
1.040000000000000036e+00 7.151124337702503830e-02 -4.253267578543317717e-01
1.050000000000000044e+00 7.489108230170650471e-02 -1.739594966981973245e-01
1.059999999999999831e+00 7.499043331098899368e-02 1.872192419421951914e-01
1.069999999999999840e+00 7.114669746286260421e-02 5.650723828292403272e-01
1.080000000000000071e+00 6.368898565440418713e-02 8.959627690239012621e-01
1.089999999999999858e+00 5.322744208238457120e-02 1.142857543477450388e+00
1.099999999999999867e+00 4.083183478485517826e-02 1.274134948316545835e+00
1.109999999999999876e+00 2.774474311605365853e-02 1.277331137369206004e+00
1.119999999999999885e+00 1.528521203747106039e-02 1.166142865834844722e+00
1.129999999999999893e+00 4.421885799356770411e-03 9.664417088781611653e-01
1.139999999999999902e+00 -4.043622140092160283e-03 7.013379655353210174e-01
1.149999999999999911e+00 -9.604873511349650006e-03 3.972127769886709125e-01
1.159999999999999920e+00 -1.198787767986557798e-02 -1.481708011323840113e-01
1.169999999999999929e+00 -6.641457488701971168e-03 -5.310518094678808865e-01
1.179999999999999938e+00 -1.366841490507960354e-03 -3.257781902561819876e-01
1.189999999999999947e+00 -1.258936835783321182e-04 -6.834207452539801941e-02
1.199999999999999956e+00 0.000000000000000000e+00 -1.258936835783321280e-02
