0.000000000000000000e+00 5.379578000000000429e+03 8.197153333333335468e+04
1.000000200000000089e-02 4.613822320000000218e+03 7.118587866666668560e+04
1.999999800000000147e-02 3.955884136000001035e+03 6.115550573333334614e+04
2.999999999999999889e-02 3.390701048000000355e+03 5.253067786666667962e+04
4.000000199999999978e-02 2.905269184000000223e+03 4.511495626666667522e+04
4.999999799999999689e-02 2.488404712000000472e+03 3.873930733333333774e+04
5.999999999999999778e-02 2.130484432000000197e+03 3.325833706666667422e+04
7.000000199999999173e-02 1.823236576000000241e+03 2.854694386666667560e+04
7.999999800000000272e-02 1.559544160000000147e+03 2.449752920000000813e+04
8.999999999999999667e-02 1.333285992000000306e+03 2.101741746666667314e+04
1.000000019999999906e-01 1.139194416000000047e+03 1.802697320000000400e+04
1.099999979999999877e-01 9.727465280000001258e+02 1.545757880000000296e+04
1.199999999999999956e-01 8.300428400000000693e+02 1.325030960000000414e+04
1.300000020000000034e-01 7.077403360000000703e+02 1.135446946666666918e+04
1.399999979999999866e-01 6.029562399999999798e+02 9.726265866666668444e+03
1.499999999999999944e-01 5.132136239999999816e+02 8.328252000000002226e+03
1.600000020000000023e-01 4.363912000000000262e+02 7.128071600000001126e+03
1.699999979999999855e-01 3.706526104000000146e+02 6.098005666666667821e+03
1.799999999999999933e-01 3.144301104000000464e+02 5.214086853333334147e+03
1.900000019999999734e-01 2.663710128000000736e+02 4.455785666666667566e+03
1.999999979999999844e-01 2.253146760000000199e+02 3.805417733333334127e+03
2.099999999999999922e-01 1.902627975999999990e+02 3.247795133333333979e+03
2.200000019999999723e-01 1.603584944000000405e+02 2.769828920000000835e+03
2.299999980000000110e-01 1.348662192000000175e+02 2.360292026666666970e+03
2.399999999999999911e-01 1.131529328000000163e+02 2.009512440000000424e+03
2.500000019999999989e-01 9.467597040000001130e+01 1.709184920000000375e+03
2.599999980000000099e-01 7.896923440000001904e+01 1.452168773333333547e+03
2.700000000000000178e-01 6.563231600000001720e+01 1.578204800000000205e+03
2.800000019999999701e-01 4.740513840000000556e+01 2.125381346666667014e+03
2.899999979999999811e-01 2.312488431999999960e+01 1.493457880000000387e+03
2.999999999999999889e-01 1.753585528000000338e+01 3.356495453333334353e+02
3.100000019999999967e-01 1.641186551999999921e+01 2.140966746666667007e+02
3.199999980000000077e-01 1.325390784000000188e+01 3.157957680000000664e+02
3.300000000000000155e-01 1.009599200000000074e+01 2.146740666666667323e+02
3.400000020000000234e-01 8.960454400000001485e+00 1.217906613333333468e+02
3.499999979999999788e-01 7.660150880000000662e+00 1.256218106666666756e+02
3.599999999999999867e-01 6.448004240000000387e+00 1.138013133333333542e+02
3.700000019999999945e-01 5.384138560000000240e+00 9.975562533333335580e+01
3.799999980000000055e-01 4.452905680000000643e+00 8.891627600000002474e+01
3.900000000000000133e-01 3.605808856000000784e+00 8.196456000000002007e+01
4.000000020000000212e-01 2.813610296000000233e+00 7.657556800000001829e+01
4.099999979999999766e-01 2.074301680000000037e+00 7.089020933333334540e+01
4.199999999999999845e-01 1.395807503999999977e+00 6.483414826666668773e+01
4.300000019999999368e-01 7.776215040000000744e-01 5.899942080000001710e+01
4.399999980000000033e-01 2.158207615999999940e-01 5.362800160000000460e+01
4.499999999999999556e-01 -2.949406200000000422e-01 4.874994573333334102e+01
4.600000019999999634e-01 -7.591784320000001252e-01 4.430326026666667616e+01
4.699999980000000299e-01 -1.181005128000000237e+00 4.016409880000000499e+01
4.799999999999999822e-01 -1.562460408000000189e+00 3.612165746666667587e+01
4.900000019999999901e-01 -1.903439672000000416e+00 3.202322026666667654e+01
4.999999979999999455e-01 -2.202926208000000052e+00 2.791251000000000815e+01
5.100000000000000089e-01 -2.461689872000000445e+00 2.390577213333333972e+01
5.200000019999999612e-01 -2.681040256000000621e+00 2.015621080000000376e+01
5.299999979999999722e-01 -2.864814088000000591e+00 1.672560973333333578e+01
5.400000000000000355e-01 -3.015551056000000507e+00 1.355044186666666839e+01
5.500000019999999878e-01 -3.135820136000000424e+00 1.063119533333333600e+01
5.599999979999999988e-01 -3.228173568000000326e+00 8.066752000000001033e+00
5.699999999999999512e-01 -3.297155176000000409e+00 5.858025373333334507e+00
5.800000019999999035e-01 -3.345338120000000082e+00 3.874377026666667945e+00
5.899999980000000255e-01 -3.374642856000000357e+00 2.050947986666666889e+00
5.999999999999999778e-01 -3.386353871999999932e+00 4.819403160000001463e-01
6.100000019999999301e-01 -3.384282792000000484e+00 -7.800231200000000698e-01
6.199999980000000521e-01 -3.370755920000000572e+00 -1.929800266666666930e+00
6.300000000000000044e-01 -3.345685392000000480e+00 -3.158090173333333972e+00
6.400000019999999568e-01 -3.307594256000000232e+00 -4.440388546666667935e+00
6.499999980000000788e-01 -3.256879992000000446e+00 -5.686976480000001111e+00
6.600000000000000311e-01 -3.193852216000000244e+00 -6.845044920000001198e+00
6.700000019999999834e-01 -3.119979512000000454e+00 -7.811388533333334827e+00
6.799999979999998834e-01 -3.037625840000000466e+00 -8.521692266666669013e+00
6.899999999999999467e-01 -2.949544272000000245e+00 -8.983675600000001538e+00
7.000000019999998990e-01 -2.857952328000000097e+00 -9.255426400000002829e+00
7.099999979999999100e-01 -2.764435744000000472e+00 -9.513091066666667928e+00
7.199999999999999734e-01 -2.667689112000000584e+00 -9.909943466666668144e+00
7.300000019999999257e-01 -2.566235480000000457e+00 -1.038977853333333634e+01
7.399999979999999367e-01 -2.459894936000000421e+00 -1.079109386666666914e+01
7.500000000000000000e-01 -2.350416392000000521e+00 -1.107504800000000245e+01
7.600000019999999523e-01 -2.238393976000000229e+00 -1.128431773333333510e+01
7.699999979999999633e-01 -2.124727248000000124e+00 -1.144791213333333424e+01
7.800000000000000266e-01 -2.009432944000000276e+00 -1.154902546666666829e+01
7.900000019999999790e-01 -1.893749528000000071e+00 -1.158117253333333707e+01
7.999999979999999900e-01 -1.777810888000000089e+00 -1.153779840000000334e+01
8.100000000000000533e-01 -1.662993560000000315e+00 -1.138145626666666921e+01
8.200000020000000056e-01 -1.550180368000000364e+00 -1.107414146666666888e+01
8.299999979999999056e-01 -1.441509336000000197e+00 -1.064270133333333490e+01
8.399999999999999689e-01 -1.337327735999999989e+00 -1.017451173333333614e+01
8.500000019999999212e-01 -1.238020496000000303e+00 -9.741328266666668512e+00
8.599999979999999322e-01 -1.142499776000000189e+00 -9.372160000000000935e+00
8.699999999999999956e-01 -1.050577296000000160e+00 -8.999923466666668759e+00
8.800000019999999479e-01 -9.625040960000000867e-01 -8.512487466666668112e+00
8.899999979999999589e-01 -8.803261520000000839e-01 -7.901762933333334793e+00
8.999999999999999112e-01 -8.044660480000001002e-01 -7.259030800000002337e+00
9.100000019999999745e-01 -7.351455360000000994e-01 -6.645335626666668105e+00
9.199999979999999855e-01 -6.715612880000000340e-01 -6.084226360000001499e+00
9.299999999999999378e-01 -6.134622640000000349e-01 -5.595876853333334289e+00
9.400000020000000012e-01 -5.596434720000000862e-01 -5.172602493333334550e+00
9.499999980000000122e-01 -5.100086800000001030e-01 -4.762012626666668247e+00
9.599999999999999645e-01 -4.644030800000000792e-01 -4.321528080000001104e+00
9.700000020000000278e-01 -4.235797920000000660e-01 -3.834866120000000489e+00
9.799999979999999278e-01 -3.877057576000000338e-01 -3.319745986666667203e+00
9.899999999999998801e-01 -3.571834776000000766e-01 -2.816626960000000235e+00
1.000000001999999943e+00 -3.313732184000000025e-01 -2.386476893333333571e+00
1.009999997999999843e+00 -3.094540792000000096e-01 -2.057551733333333743e+00
1.020000000000000018e+00 -2.902223232000000763e-01 -1.814426466666666959e+00
1.030000001999999970e+00 -2.731654104000000305e-01 -1.633726480000000425e+00
1.039999997999999870e+00 -2.575477936000000745e-01 -1.509001440000000249e+00
1.050000000000000044e+00 -2.429853816000000222e-01 -1.416486226666666903e+00
1.060000001999999997e+00 -2.292179296000000366e-01 -1.346411200000000363e+00
1.069999997999999897e+00 -2.160571576000000216e-01 -1.304076093333333519e+00
1.080000000000000071e+00 -2.031361288000000376e-01 -1.294913133333333688e+00
1.090000002000000023e+00 -1.901590344000000099e-01 -1.315080013333333575e+00
1.099999997999999923e+00 -1.768346680000000282e-01 -1.356920013333333674e+00
1.110000000000000098e+00 -1.630207736000000296e-01 -1.395433733333333759e+00
1.120000002000000050e+00 -1.489257144000000199e-01 -1.414931173333333625e+00
1.129999997999999950e+00 -1.347222896000000170e-01 -1.437043613333333747e+00
1.139999999999999902e+00 -1.201849816000000043e-01 -1.504120106666667178e+00
1.150000001999999855e+00 -1.046397480000000185e-01 -1.641815546666667069e+00
1.159999997999999977e+00 -8.734894960000001707e-02 -4.551961880000000349e+00
1.169999999999999929e+00 -1.360042672000000286e-02 -4.299087893333334520e+00
1.180000001999999881e+00 -1.367084344000000107e-03 -6.738220426666667873e-01
1.189999998000000003e+00 -1.239802880000000034e-04 -6.835421720000001145e-02
1.199999999999999956e+00 0.000000000000000000e+00 4.355767146666667672e-02
