0.000000000000000000e+00 3.247419917714222493e+02 8.425245636452445979e+02
1.000000000000000021e-02 3.163167461349697760e+02 8.425245636452422104e+02
2.000000000000000042e-02 3.078915004985173596e+02 8.425245636452445979e+02
2.999999999999999889e-02 2.994662548620648863e+02 8.425245636452445979e+02
4.000000000000000083e-02 2.910410092256124699e+02 8.425245636452422104e+02
4.999999999999999584e-02 2.826157635891600535e+02 8.425245636452422104e+02
5.999999999999999778e-02 2.741905179527076371e+02 8.425245636452422104e+02
6.999999999999999278e-02 2.657652723162552206e+02 8.425245636452445979e+02
8.000000000000000167e-02 2.573400266798027474e+02 8.425245636452445979e+02
8.999999999999999667e-02 2.489147810433503025e+02 8.425245636452422104e+02
9.999999999999999167e-02 2.404895354068979145e+02 8.425245636452445979e+02
1.099999999999999867e-01 2.320642897704454128e+02 8.425245636452445979e+02
1.199999999999999956e-01 2.236390441339930248e+02 8.425245636452422104e+02
1.300000000000000044e-01 2.152137984975405800e+02 8.425245636452445979e+02
1.399999999999999856e-01 2.067885528610881352e+02 8.425245636452445979e+02
1.499999999999999944e-01 1.983633072246356903e+02 8.425245636452434610e+02
1.600000000000000033e-01 1.899380615881832739e+02 8.425245636452422104e+02
1.699999999999999845e-01 1.815128159517308575e+02 8.425245636452434610e+02
1.799999999999999933e-01 1.730875703152784126e+02 8.425245636452434610e+02
1.899999999999999745e-01 1.646623246788259962e+02 8.425245636452434610e+02
1.999999999999999833e-01 1.562370790423735514e+02 8.425245636452434610e+02
2.099999999999999922e-01 1.478118334059211065e+02 8.425245636452434610e+02
2.199999999999999734e-01 1.393865877694686617e+02 8.425245636452434610e+02
2.299999999999999822e-01 1.309613421330162453e+02 8.425245636452445979e+02
2.399999999999999911e-01 1.225360964965637862e+02 8.425245636452445979e+02
2.500000000000000000e-01 1.141108508601113556e+02 8.425245636452422104e+02
2.600000000000000089e-01 1.056856052236589392e+02 8.425245636452434610e+02
2.700000000000000178e-01 9.726035958720649433e+01 8.425245636452434610e+02
2.799999999999999711e-01 8.883511395075407791e+01 8.425245636452434610e+02
2.899999999999999800e-01 8.040986831430163306e+01 8.425245636452434610e+02
2.999999999999999889e-01 7.198462267784920243e+01 8.425245636452415283e+02
3.099999999999999423e-01 6.355937704139680022e+01 8.425245636452434610e+02
3.200000000000000067e-01 5.513413140494434117e+01 8.425245636452463032e+02
3.300000000000000155e-01 4.670888576849187501e+01 8.425245636452434610e+02
3.399999999999999689e-01 3.828364013203947280e+01 8.425245636452431199e+02
3.500000000000000333e-01 2.985839449558701375e+01 7.226018569177599602e+02
3.599999999999999867e-01 2.383160299368427815e+01 5.573000779325436724e+02
3.699999999999999956e-01 1.871239293693614059e+01 4.518500893381031460e+02
3.799999999999999489e-01 1.479460120692221459e+01 3.504414238499263661e+02
3.900000000000000133e-01 1.170356445993761341e+01 2.802208580317811766e+02
3.999999999999999667e-01 9.190184046286592690e+00 2.295204232394890482e+02
4.099999999999999756e-01 7.113155995147833366e+00 1.902283974081857991e+02
4.199999999999999845e-01 5.385616098122875783e+00 1.589321062830683502e+02
4.299999999999999933e-01 3.934513869486467197e+00 1.332912511085273479e+02
4.399999999999999467e-01 2.719791075952329606e+00 1.110901945709491230e+02
4.499999999999999556e-01 1.712709978067484817e+00 9.132701353329397875e+01
4.599999999999999645e-01 8.932508052864500669e-01 7.399450321593695890e+01
4.699999999999999734e-01 2.328199137487457215e-01 5.931890544358176243e+01
4.799999999999999822e-01 -2.931273035851851838e-01 4.693473939405769357e+01
4.899999999999999911e-01 -7.058748741324082365e-01 3.639772798386023567e+01
5.000000000000000000e-01 -1.021081863262389922e+00 2.727715621283356739e+01
5.100000000000000089e-01 -1.251417998389079411e+00 1.915017321687822971e+01
5.200000000000000178e-01 -1.404085327599954525e+00 1.182810781612663931e+01
5.299999999999999156e-01 -1.487980154711612268e+00 5.557099014106330337e+00
5.400000000000000355e-01 -1.515227307882081043e+00 4.796775894831500908e-01
5.499999999999999334e-01 -1.497573706501275304e+00 -3.306971616173286499e+00
5.599999999999999423e-01 -1.449087875558615401e+00 -5.724842751737005742e+00
5.699999999999999512e-01 -1.383076851466535029e+00 -6.955415588167831231e+00
5.799999999999999600e-01 -1.309979563795258706e+00 -7.436009678366423792e+00
5.899999999999999689e-01 -1.234356657899206677e+00 -7.564152271710347542e+00
5.999999999999999778e-01 -1.158696518361051808e+00 -7.582393161375875934e+00
6.099999999999999867e-01 -1.082708794671689123e+00 -7.545801796238587933e+00
6.199999999999998845e-01 -1.007780482436279934e+00 -7.454706361964444916e+00
6.300000000000000044e-01 -9.336146674324002914e-01 -7.336213903831368732e+00
6.400000000000000133e-01 -8.610562043596526882e-01 -7.137060871133331652e+00
6.499999999999999112e-01 -7.908734500097336362e-01 -6.871953709372551344e+00
6.600000000000000311e-01 -7.236171301722016391e-01 -6.595893745016785381e+00
6.700000000000000400e-01 -6.589555751093979508e-01 -6.294716885339542323e+00
6.799999999999999378e-01 -5.977227924654108238e-01 -5.833368262812937743e+00
6.899999999999999467e-01 -5.422882098531391915e-01 -5.209822362478314872e+00
7.000000000000000666e-01 -4.935263452158445419e-01 -4.521150692645619529e+00
7.099999999999999645e-01 -4.518651960002268431e-01 -3.874801441722058648e+00
7.199999999999999734e-01 -4.160303163814033645e-01 -3.316186469777630208e+00
7.299999999999998712e-01 -3.855414666046742544e-01 -2.921408007677190888e+00
7.399999999999999911e-01 -3.576021562278595689e-01 -2.700815830210128610e+00
7.500000000000000000e-01 -3.315251500004716689e-01 -2.549883595768128508e+00
7.599999999999998979e-01 -3.066044843124969832e-01 -2.439906034546051039e+00
7.699999999999999067e-01 -2.827270293095506815e-01 -2.427978125006874599e+00
7.800000000000000266e-01 -2.580449218123594957e-01 -2.450343687224828759e+00
7.899999999999999245e-01 -2.337201555650540996e-01 -2.314290654163355221e+00
7.999999999999999334e-01 -2.117591087290923990e-01 -1.964223248249625353e+00
8.100000000000000533e-01 -1.944356906000616059e-01 -1.487414265156362214e+00
8.199999999999999512e-01 -1.820108234259651403e-01 -1.067603071200377896e+00
8.299999999999999600e-01 -1.730836291760540491e-01 -8.364501821103376145e-01
8.399999999999999689e-01 -1.652818197837583880e-01 -8.102249675530734940e-01
8.499999999999999778e-01 -1.568791298249925803e-01 -8.097524961735169668e-01
8.599999999999999867e-01 -1.490867698602880709e-01 -7.061430019441966577e-01
8.699999999999999956e-01 -1.427562697861086416e-01 -5.935218940375647234e-01
8.799999999999998934e-01 -1.372163319795367542e-01 -5.951765996454556618e-01
8.900000000000000133e-01 -1.308527377931995306e-01 -6.759545377859355053e-01
8.999999999999999112e-01 -1.236972412238180608e-01 -7.992097968265828856e-01
9.099999999999999201e-01 -1.148685418566678801e-01 -9.594227569768730701e-01
9.199999999999999289e-01 -1.045087860842806027e-01 -1.068922923447486184e+00
9.299999999999999378e-01 -9.349008338771815085e-02 -1.041137334541363035e+00
9.399999999999999467e-01 -8.368603939345334308e-02 -9.328641401258583876e-01
9.499999999999999556e-01 -7.483280058520098976e-02 -8.625423564267546972e-01
9.599999999999999645e-01 -6.643519226491824414e-02 -8.156202042961285814e-01
9.699999999999999734e-01 -5.852039649927841952e-02 -7.473375634496306485e-01
9.799999999999999822e-01 -5.148844099592563700e-02 -6.616460436134462553e-01
9.899999999999998801e-01 -4.528747562700949358e-02 -5.626059699128274083e-01
1.000000000000000000e+00 -4.023632159766909328e-02 -4.169737493570498388e-01
1.010000000000000009e+00 -3.694800063986850014e-02 -2.593948744565892084e-01
1.020000000000000018e+00 -3.504842410853730578e-02 -1.354648884931350661e-01
1.029999999999999805e+00 -3.423870287000579937e-02 -6.264007401308067935e-02
1.040000000000000036e+00 -3.379562262827569274e-02 -5.564888007684262033e-02
1.050000000000000044e+00 -3.312572526846895016e-02 -1.280673473894289038e-01
1.059999999999999831e+00 -3.123427568048711689e-02 -2.359731655908903214e-01
1.069999999999999840e+00 -2.840626195665114234e-02 -3.040368289990973416e-01
1.080000000000000071e+00 -2.515353910050516922e-02 -3.105973168071423651e-01
1.089999999999999858e+00 -2.219431562050829670e-02 -2.774331662422154232e-01
1.099999999999999867e+00 -1.960487577566086270e-02 -2.182284161356236596e-01
1.109999999999999876e+00 -1.782974729779582268e-02 -1.549429007074021591e-01
1.119999999999999885e+00 -1.650601776151281938e-02 -1.202157230507526903e-01
1.129999999999999893e+00 -1.542543283678076901e-02 -1.118832143619507002e-01
1.139999999999999902e+00 -1.426835347427380697e-02 -1.251368904053310749e-01
1.149999999999999911e+00 -1.292269502867414779e-02 -1.580864935086235823e-01
1.159999999999999920e+00 -1.110662360410133442e-02 -4.141928613655636027e-01
1.169999999999999929e+00 -4.638837801362876052e-03 -5.188242512124303651e-01
1.179999999999999938e+00 -7.301385798527301437e-04 -2.285580824056420712e-01
1.189999999999999947e+00 -6.767615325003547178e-05 -3.650692899263651564e-02
1.199999999999999956e+00 0.000000000000000000e+00 -6.767615325003548642e-03
