0.000000000000000000e+00 2.903245274690850692e+02 7.431572002471332326e+02
1.000000000000000021e-02 2.828929554666137278e+02 7.431572002471284577e+02
2.000000000000000042e-02 2.754613834641425001e+02 7.431572002471284577e+02
2.999999999999999889e-02 2.680298114616711587e+02 7.431572002471284577e+02
4.000000000000000083e-02 2.605982394591999309e+02 7.431572002471284577e+02
4.999999999999999584e-02 2.531666674567285895e+02 7.431572002471332326e+02
5.999999999999999778e-02 2.457350954542572765e+02 7.431572002471284577e+02
6.999999999999999278e-02 2.383035234517860204e+02 7.431572002471284577e+02
8.000000000000000167e-02 2.308719514493147074e+02 7.431572002471308451e+02
8.999999999999999667e-02 2.234403794468434228e+02 7.431572002471284577e+02
9.999999999999999167e-02 2.160088074443721382e+02 7.431572002471284577e+02
1.099999999999999867e-01 2.085772354419008536e+02 7.431572002471284577e+02
1.199999999999999956e-01 2.011456634394295691e+02 7.431572002471297083e+02
1.300000000000000044e-01 1.937140914369582561e+02 7.431572002471297083e+02
1.399999999999999856e-01 1.862825194344869715e+02 7.431572002471284577e+02
1.499999999999999944e-01 1.788509474320156869e+02 7.431572002471284577e+02
1.600000000000000033e-01 1.714193754295444023e+02 7.431572002471284577e+02
1.699999999999999845e-01 1.639878034270731177e+02 7.431572002471297083e+02
1.799999999999999933e-01 1.565562314246018047e+02 7.431572002471297083e+02
1.899999999999999745e-01 1.491246594221305202e+02 7.431572002471284577e+02
1.999999999999999833e-01 1.416930874196592356e+02 7.431572002471284577e+02
2.099999999999999922e-01 1.342615154171879510e+02 7.431572002471284577e+02
2.199999999999999734e-01 1.268299434147166664e+02 7.431572002471284577e+02
2.299999999999999822e-01 1.193983714122453819e+02 7.431572002471308451e+02
2.399999999999999911e-01 1.119667994097740547e+02 7.431572002471308451e+02
2.500000000000000000e-01 1.045352274073027701e+02 7.431572002471284577e+02
2.600000000000000089e-01 9.710365540483148550e+01 7.431572002471291398e+02
2.700000000000000178e-01 8.967208340236018671e+01 7.431572002471291398e+02
2.799999999999999711e-01 8.224051139988890213e+01 7.431572002471291398e+02
2.899999999999999800e-01 7.480893939741760335e+01 7.431572002471291398e+02
2.999999999999999889e-01 6.737736739494631877e+01 7.431572002471273208e+02
3.099999999999999423e-01 5.994579539247506261e+01 7.431572002471291398e+02
3.200000000000000067e-01 5.251422339000374251e+01 7.431572002471315272e+02
3.300000000000000155e-01 4.508265138753243662e+01 7.431572002471287988e+02
3.399999999999999689e-01 3.765107938506116625e+01 7.431572002471291398e+02
3.500000000000000333e-01 3.021950738258985325e+01 6.475273286867242177e+02
3.599999999999999867e-01 2.470053281132668488e+01 5.051176316025387223e+02
3.699999999999999956e-01 2.011715475053907909e+01 4.116989216730161161e+02
3.799999999999999489e-01 1.646655437786636256e+01 3.310146339839604366e+02
3.900000000000000133e-01 1.349686207085987100e+01 2.699750079825599869e+02
3.999999999999999667e-01 1.106705421821516389e+01 2.232040703789444649e+02
4.099999999999999756e-01 9.032780663280982836e+00 1.875597678548758438e+02
4.199999999999999845e-01 7.315858861117646939e+00 1.579991573577879080e+02
4.299999999999999933e-01 5.872797516125224604e+00 1.332437857973893074e+02
4.399999999999999467e-01 4.650983145169861110e+00 1.131884664693037479e+02
4.499999999999999556e-01 3.609028186739149824e+00 9.629827282233961228e+01
4.599999999999999645e-01 2.725017688723069043e+00 8.166965226139663514e+01
4.699999999999999734e-01 1.975635141511217441e+00 6.897637878355365615e+01
4.799999999999999822e-01 1.345490113051996284e+00 5.795845015911652354e+01
4.899999999999999911e-01 8.164661383288869256e-01 4.864330105460991405e+01
5.000000000000000000e-01 3.726240919597981205e-01 4.101210882778872246e+01
5.100000000000000089e-01 -3.776038226887405789e-03 3.483357592860819807e+01
5.200000000000000178e-01 -3.240474266123657410e-01 2.960514405233224977e+01
5.299999999999999156e-01 -5.958789192735323148e-01 2.458311201532820078e+01
5.400000000000000355e-01 -8.157096669189296545e-01 1.988449623606730299e+01
5.499999999999999334e-01 -9.935688439948784367e-01 1.627904113556114396e+01
5.599999999999999423e-01 -1.141290489630152560e+00 1.364885657370516370e+01
5.699999999999999512e-01 -1.266545975468981622e+00 1.124880870788430975e+01
5.799999999999999600e-01 -1.366266663787838676e+00 8.735103003801469868e+00
5.899999999999999689e-01 -1.441248035545011019e+00 5.695812300036419806e+00
5.999999999999999778e-01 -1.480182909788567036e+00 2.258737756433004229e+00
6.099999999999999867e-01 -1.486422790673671113e+00 -6.528715207808210019e-01
6.199999999999998845e-01 -1.467125479372950680e+00 -2.526665237922603335e+00
6.300000000000000044e-01 -1.435889485915219144e+00 -3.350158045452428013e+00
6.400000000000000133e-01 -1.400122318463902227e+00 -3.524155297827197497e+00
6.499999999999999112e-01 -1.365406379958675087e+00 -4.134164205490684196e+00
6.600000000000000311e-01 -1.317439034354088490e+00 -5.746052609278545553e+00
6.700000000000000400e-01 -1.250485327773104283e+00 -7.649607390435119392e+00
6.799999999999999378e-01 -1.164446886545386084e+00 -8.729467758815919964e+00
6.899999999999999467e-01 -1.075895972596785821e+00 -8.503573130619530573e+00
7.000000000000000666e-01 -9.943754239329954947e-01 -7.640930533130482871e+00
7.099999999999999645e-01 -9.230773619341762215e-01 -7.162884031200860591e+00
7.199999999999999734e-01 -8.511177433089782696e-01 -7.376135259691171342e+00
7.299999999999998712e-01 -7.755546567403528435e-01 -7.887012654336899686e+00
7.399999999999999911e-01 -6.933774902222403780e-01 -8.105333650845778948e+00
7.500000000000000000e-01 -6.134479837234372290e-01 -7.615584517599760517e+00
7.599999999999998979e-01 -5.410657998702451676e-01 -6.641200685879669052e+00
7.699999999999999067e-01 -4.806239700058438924e-01 -5.680606800725921168e+00
7.800000000000000266e-01 -4.274536638557266954e-01 -5.133622563062445465e+00
7.899999999999999245e-01 -3.779515187445949831e-01 -5.150918426198837885e+00
7.999999999999999334e-01 -3.244352953317499733e-01 -5.276102526502276291e+00
8.100000000000000533e-01 -2.724294682145494972e-01 -4.698803649880331612e+00
8.199999999999999512e-01 -2.304592223341433710e-01 -3.317172963376824768e+00
8.299999999999999600e-01 -2.060860089470129830e-01 -1.673235001472368477e+00
8.399999999999999689e-01 -1.969945223046959959e-01 -4.190915049028350325e-01
8.499999999999999778e-01 -1.977041788489562746e-01 7.668575918637704492e-02
8.599999999999999867e-01 -1.985282374884235201e-01 -1.722502238199640767e-01
8.699999999999999956e-01 -1.942591743725569919e-01 -7.308576091470979641e-01
8.799999999999998934e-01 -1.839110853054815864e-01 -1.126481167423923013e+00
8.900000000000000133e-01 -1.717295510240785528e-01 -1.051739730054362942e+00
8.999999999999999112e-01 -1.628762907043943275e-01 -5.056531841039647590e-01
9.099999999999999201e-01 -1.616164873419992376e-01 2.551478128731007322e-01
9.199999999999999289e-01 -1.679792469618563433e-01 8.062740480861705361e-01
9.299999999999999378e-01 -1.777419683037226583e-01 8.166162204867944974e-01
9.399999999999999467e-01 -1.843115713715922088e-01 2.661981645424354448e-01
9.499999999999999556e-01 -1.830659315945713794e-01 -5.469887200401655214e-01
9.599999999999999645e-01 -1.733717969707889162e-01 -1.221287782302655556e+00
9.699999999999999734e-01 -1.586401759485182583e-01 -1.396687162922456649e+00
9.799999999999999822e-01 -1.454380537123397821e-01 -1.068540959252262335e+00
9.899999999999998801e-01 -1.372693567634730161e-01 -6.044812340659520000e-01
1.000000000000000000e+00 -1.333484290310207321e-01 -3.168461007910941540e-01
1.010000000000000009e+00 -1.309324347476511219e-01 -2.696591850876995378e-01
1.020000000000000018e+00 -1.279552453292667480e-01 -4.080611976089585369e-01
1.029999999999999805e+00 -1.227712107954719578e-01 -6.627737571016640850e-01
1.040000000000000036e+00 -1.146997701872334713e-01 -9.391920773979016701e-01
1.050000000000000044e+00 -1.039873692475139222e-01 -1.135461928855260982e+00
1.059999999999999831e+00 -9.199053161012825386e-02 -1.239326653583329829e+00
1.069999999999999840e+00 -7.920083617584733338e-02 -1.283825481249906364e+00
1.080000000000000071e+00 -6.631402198513013102e-02 -1.259323980632841122e+00
1.089999999999999858e+00 -5.401435656319051454e-02 -1.152836750423593237e+00
1.099999999999999867e+00 -4.325728697665826711e-02 -9.747558728679625029e-01
1.109999999999999876e+00 -3.451923910583126059e-02 -7.723669191995768957e-01
1.119999999999999885e+00 -2.780994859266672573e-02 -6.088297301592177080e-01
1.129999999999999893e+00 -2.234264450264690852e-02 -5.027159761505540780e-01
1.139999999999999902e+00 -1.775562906965564777e-02 -4.324968093074457176e-01
1.149999999999999911e+00 -1.369270831649799756e-02 -3.830654425882671910e-01
1.159999999999999920e+00 -1.009432021789030340e-02 -5.615043321044712599e-01
1.169999999999999929e+00 -2.462621674408571864e-03 -4.898401045439221835e-01
1.179999999999999938e+00 -2.975181270118624328e-04 -1.219518571959265635e-01
1.189999999999999947e+00 -2.358453049004062831e-05 -1.487590635059312348e-02
1.199999999999999956e+00 0.000000000000000000e+00 -2.358453049004062899e-03
