0.000000000000000000e+00 2.409238504954074926e+02 6.716989168480537273e+02
1.000000000000000021e-02 2.342068613269269406e+02 6.716989168480513399e+02
2.000000000000000042e-02 2.274898721584464454e+02 6.716989168480489525e+02
2.999999999999999889e-02 2.207728829899659786e+02 6.716989168480489525e+02
4.000000000000000083e-02 2.140558938214854834e+02 6.716989168480489525e+02
4.999999999999999584e-02 2.073389046530049882e+02 6.716989168480489525e+02
5.999999999999999778e-02 2.006219154845244930e+02 6.716989168480513399e+02
6.999999999999999278e-02 1.939049263160439693e+02 6.716989168480489525e+02
8.000000000000000167e-02 1.871879371475635310e+02 6.716989168480489525e+02
8.999999999999999667e-02 1.804709479790829789e+02 6.716989168480489525e+02
9.999999999999999167e-02 1.737539588106025406e+02 6.716989168480489525e+02
1.099999999999999867e-01 1.670369696421220169e+02 6.716989168480513399e+02
1.199999999999999956e-01 1.603199804736415217e+02 6.716989168480489525e+02
1.300000000000000044e-01 1.536029913051610265e+02 6.716989168480489525e+02
1.399999999999999856e-01 1.468860021366805597e+02 6.716989168480489525e+02
1.499999999999999944e-01 1.401690129682000645e+02 6.716989168480489525e+02
1.600000000000000033e-01 1.334520237997195693e+02 6.716989168480500894e+02
1.699999999999999845e-01 1.267350346312390599e+02 6.716989168480500894e+02
1.799999999999999933e-01 1.200180454627585647e+02 6.716989168480500894e+02
1.899999999999999745e-01 1.133010562942780552e+02 6.716989168480495209e+02
1.999999999999999833e-01 1.065840671257975742e+02 6.716989168480483841e+02
2.099999999999999922e-01 9.986707795731709325e+01 6.716989168480495209e+02
2.199999999999999734e-01 9.315008878883658383e+01 6.716989168480495209e+02
2.299999999999999822e-01 8.643309962035610283e+01 6.716989168480500894e+02
2.399999999999999911e-01 7.971611045187559341e+01 6.716989168480500894e+02
2.500000000000000000e-01 7.299912128339509820e+01 6.716989168480495209e+02
2.600000000000000089e-01 6.628213211491460299e+01 6.716989168480500894e+02
2.700000000000000178e-01 5.956514294643410068e+01 6.716989168480491799e+02
2.799999999999999711e-01 5.284815377795361968e+01 6.716989168480489525e+02
2.899999999999999800e-01 4.613116460947312447e+01 6.716989168480491799e+02
2.999999999999999889e-01 3.941417544099263637e+01 6.716989168480483841e+02
3.099999999999999423e-01 3.269718627251215537e+01 6.716989168480495209e+02
3.200000000000000067e-01 2.598019710403164240e+01 6.716989168480514536e+02
3.300000000000000155e-01 1.926320793555112942e+01 5.697817488448049517e+02
3.399999999999999689e-01 1.458456212713554656e+01 4.007785067948149162e+02
3.500000000000000333e-01 1.124763779965483224e+01 2.981678688937935249e+02
3.599999999999999867e-01 8.621204749259675282e+00 2.385030243510606738e+02
3.699999999999999956e-01 6.477577312633618689e+00 1.963823676588155536e+02
3.799999999999999489e-01 4.693557396083365418e+00 1.629992822545773379e+02
3.900000000000000133e-01 3.217591667542071932e+00 1.350608199120345319e+02
3.999999999999999667e-01 1.992340997842674932e+00 1.115957648931099442e+02
4.099999999999999756e-01 9.856763696798734875e-01 9.202458660220631259e+01
4.199999999999999845e-01 1.518492657985487937e-01 7.577093153251104241e+01
4.299999999999999933e-01 -5.297422609703471563e-01 6.143948188211400918e+01
4.399999999999999467e-01 -1.076940371843731370e+00 4.851607920975329336e+01
4.499999999999999556e-01 -1.500063845165412912e+00 3.743153778466258075e+01
4.599999999999999645e-01 -1.825571127536982807e+00 2.836381264753986642e+01
4.699999999999999734e-01 -2.067340098116210445e+00 2.015395830751728568e+01
4.799999999999999822e-01 -2.228650293687328698e+00 1.244230267809053458e+01
4.899999999999999911e-01 -2.316186151678020888e+00 5.840378269671266054e+00
5.000000000000000000e-01 -2.345457859080753771e+00 4.151890762497604248e-01
5.100000000000000089e-01 -2.324489933203016001e+00 -4.103207722702673088e+00
5.200000000000000178e-01 -2.263393704626700309e+00 -7.259450741746474201e+00
5.299999999999999156e-01 -2.179300918368086482e+00 -8.691286018862985685e+00
5.400000000000000355e-01 -2.089567984249440791e+00 -8.644625596873767748e+00
5.499999999999999334e-01 -2.006408406430611358e+00 -7.612817149238229497e+00
5.599999999999999423e-01 -1.937311641264676032e+00 -6.307171790998344463e+00
5.699999999999999512e-01 -1.880264970610644459e+00 -5.741481551896339575e+00
5.799999999999999600e-01 -1.822482010226749383e+00 -6.242881354636240943e+00
5.899999999999999689e-01 -1.755407343517919605e+00 -7.105599491666072076e+00
5.999999999999999778e-01 -1.680370020393427977e+00 -8.035462615927535523e+00
6.099999999999999867e-01 -1.594698091199368895e+00 -9.125018188040355582e+00
6.199999999999998845e-01 -1.497869656632620838e+00 -1.006313254292779291e+01
6.300000000000000044e-01 -1.393435440340813125e+00 -1.053429877077721244e+01
6.400000000000000133e-01 -1.287183681217076492e+00 -1.106611854907273695e+01
6.499999999999999112e-01 -1.172113069359358439e+00 -1.169346931955446678e+01
6.600000000000000311e-01 -1.053314294825987263e+00 -1.148294002808935943e+01
6.700000000000000400e-01 -9.424542687975712152e-01 -1.039193968280686775e+01
6.799999999999999378e-01 -8.454755011698499301e-01 -9.102445778336104354e+00
6.899999999999999467e-01 -7.604053532308491237e-01 -7.877226943888973487e+00
7.000000000000000666e-01 -6.879309622920705136e-01 -6.962363555694874862e+00
7.099999999999999645e-01 -6.211580821169515598e-01 -6.769191271910938390e+00
7.199999999999999734e-01 -5.525471368538517059e-01 -6.903707235702618128e+00
7.299999999999998712e-01 -4.830839374028992328e-01 -6.639381548764731633e+00
7.399999999999999911e-01 -4.197595058785570932e-01 -5.775428677446222459e+00
7.500000000000000000e-01 -3.675753638539748236e-01 -4.531457448663263499e+00
7.599999999999998979e-01 -3.291303569052918543e-01 -3.041256804352244103e+00
7.699999999999999067e-01 -3.067502277669299504e-01 -1.884601765532814444e+00
7.800000000000000266e-01 -2.914383215946355632e-01 -1.810466643052403013e+00
7.899999999999999245e-01 -2.705408949058819013e-01 -2.655502188481862369e+00
7.999999999999999334e-01 -2.383282778249983247e-01 -3.325799315823308788e+00
8.100000000000000533e-01 -2.040249085894157155e-01 -3.098320348126330170e+00
8.199999999999999512e-01 -1.763618708624717091e-01 -2.227437758352244224e+00
8.299999999999999600e-01 -1.594761534223708421e-01 -1.224589593864769732e+00
8.399999999999999689e-01 -1.518700789851763211e-01 -6.205018346029667065e-01
8.499999999999999778e-01 -1.470661167303115024e-01 -7.675035831219875204e-01
8.599999999999999867e-01 -1.365200073227365585e-01 -1.258229148272639542e+00
8.699999999999999956e-01 -1.219015337648587244e-01 -1.426199253156713587e+00
8.799999999999998934e-01 -1.079960222596022951e-01 -1.192693731707778149e+00
8.900000000000000133e-01 -9.804765913070315198e-02 -7.506210417902128285e-01
8.999999999999999112e-01 -9.298360142379805127e-02 -3.415353470151388238e-01
9.099999999999999201e-01 -9.121695219040037994e-02 -2.314800067383843141e-01
9.199999999999999289e-01 -8.835400128903035666e-02 -4.692014376204823312e-01
9.299999999999999378e-01 -8.183292343799074275e-02 -7.829765829441158731e-01
9.399999999999999467e-01 -7.269446963014804253e-02 -9.218108235960619234e-01
9.499999999999999556e-01 -6.339670696606949929e-02 -8.550144759758012691e-01
9.599999999999999645e-01 -5.559418011063201742e-02 -7.344642739585612867e-01
9.699999999999999734e-01 -4.870742148689827938e-02 -6.739331424826404682e-01
9.799999999999999822e-01 -4.211551726097920861e-02 -6.277327429558128280e-01
9.899999999999998801e-01 -3.615276662778202366e-02 -5.229773056134104925e-01
1.000000000000000000e+00 -3.165597114871099987e-02 -3.766221691567335217e-01
1.010000000000000009e+00 -2.862032324464735406e-02 -2.392379132564988187e-01
1.020000000000000018e+00 -2.687121288358102628e-02 -1.747796598007202995e-01
1.029999999999999805e+00 -2.512473004863294626e-02 -1.184900436489149805e-01
1.040000000000000036e+00 -2.450141201060272722e-02 8.956073571490794083e-02
1.050000000000000044e+00 -2.691594476293110438e-02 4.062794334659398654e-01
1.059999999999999831e+00 -3.262700067992152508e-02 5.559456021292101813e-01
1.069999999999999840e+00 -3.803485680551530607e-02 3.415138216069727450e-01
1.080000000000000071e+00 -3.945727711206097749e-02 -1.310403650178357526e-01
1.089999999999999858e+00 -3.541404950515859157e-02 -5.500655010668437095e-01
1.099999999999999867e+00 -2.845596709072410399e-02 -6.543810673602589167e-01
1.109999999999999876e+00 -2.232642815795341656e-02 -4.697252852608724272e-01
1.119999999999999885e+00 -1.906146138550665614e-02 -1.895776178686427171e-01
1.129999999999999893e+00 -1.853487580058056292e-02 2.215939351506122229e-02
1.139999999999999902e+00 -1.950464925580788073e-02 6.702952833069628080e-02
1.149999999999999911e+00 -1.987546636719448798e-02 -7.771520813109107639e-02
1.159999999999999920e+00 -1.795034509318605906e-02 -6.957995353470355360e-01
1.169999999999999929e+00 -5.959475660253777535e-03 -8.591342940727213495e-01
1.179999999999999938e+00 -7.676592117316320815e-04 -2.948690083893665270e-01
1.189999999999999947e+00 -6.209549246644744422e-05 -3.838296058658161036e-02
1.199999999999999956e+00 0.000000000000000000e+00 -6.209549246644745397e-03
