0.000000000000000000e+00 2.154183165079222704e+02 6.612319153796476030e+02
1.000000000000000021e-02 2.088059973541257932e+02 6.612319153796452156e+02
2.000000000000000042e-02 2.021936782003293729e+02 6.612319153796439650e+02
2.999999999999999889e-02 1.955813590465328957e+02 6.612319153796439650e+02
4.000000000000000083e-02 1.889690398927364754e+02 6.612319153796439650e+02
4.999999999999999584e-02 1.823567207389400266e+02 6.612319153796452156e+02
5.999999999999999778e-02 1.757444015851435779e+02 6.612319153796452156e+02
6.999999999999999278e-02 1.691320824313471292e+02 6.612319153796439650e+02
8.000000000000000167e-02 1.625197632775507088e+02 6.612319153796439650e+02
8.999999999999999667e-02 1.559074441237542601e+02 6.612319153796439650e+02
9.999999999999999167e-02 1.492951249699578113e+02 6.612319153796452156e+02
1.099999999999999867e-01 1.426828058161613342e+02 6.612319153796452156e+02
1.199999999999999956e-01 1.360704866623649139e+02 6.612319153796439650e+02
1.300000000000000044e-01 1.294581675085684651e+02 6.612319153796439650e+02
1.399999999999999856e-01 1.228458483547720448e+02 6.612319153796439650e+02
1.499999999999999944e-01 1.162335292009755818e+02 6.612319153796439650e+02
1.600000000000000033e-01 1.096212100471791615e+02 6.612319153796439650e+02
1.699999999999999845e-01 1.030088908933827128e+02 6.612319153796452156e+02
1.799999999999999933e-01 9.639657173958626402e+01 6.612319153796439650e+02
1.899999999999999745e-01 8.978425258578982948e+01 6.612319153796439650e+02
1.999999999999999833e-01 8.317193343199338074e+01 6.612319153796439650e+02
2.099999999999999922e-01 7.655961427819694620e+01 6.612319153796439650e+02
2.199999999999999734e-01 6.994729512440049746e+01 6.612319153796446471e+02
2.299999999999999822e-01 6.333497597060405582e+01 6.612319153796452156e+02
2.399999999999999911e-01 5.672265681680759286e+01 6.612319153796455566e+02
2.500000000000000000e-01 5.011033766301115122e+01 6.612319153796446471e+02
2.600000000000000089e-01 4.349801850921470248e+01 6.612319153796443061e+02
2.700000000000000178e-01 3.688569935541826794e+01 6.612319153796439650e+02
2.799999999999999711e-01 3.027338020162182630e+01 6.612319153796441924e+02
2.899999999999999800e-01 2.366106104782538466e+01 4.951569752666640625e+02
2.999999999999999889e-01 2.037024069628854406e+01 5.554822702154109493e+02
3.099999999999999423e-01 1.255141564351716532e+01 6.169893733651147159e+02
3.200000000000000067e-01 8.030453228986251801e+00 3.800977932845629539e+02
3.300000000000000155e-01 4.949459777825907736e+00 2.636370354295764287e+02
3.399999999999999689e-01 2.757712520394723921e+00 1.884339986961697662e+02
3.500000000000000333e-01 1.180779803902513247e+00 1.335151611686544015e+02
3.599999999999999867e-01 8.740929702163655057e-02 8.982835509689736853e+01
3.699999999999999956e-01 -6.157872980354340831e-01 5.461671936783919534e+01
3.799999999999999489e-01 -1.004925090335147209e+00 2.692431159379450989e+01
3.900000000000000133e-01 -1.154273529911324259e+00 6.081274530161684844e+00
3.999999999999999667e-01 -1.126550580938380897e+00 -8.416846809991332279e+00
4.099999999999999756e-01 -9.859365937114975553e-01 -1.691005781660147278e+01
4.199999999999999845e-01 -7.883494246063513788e-01 -2.063934181504777499e+01
4.299999999999999933e-01 -5.731497574105421933e-01 -2.124816972781770019e+01
4.399999999999999467e-01 -3.633860300499975327e-01 -1.998438664394021558e+01
4.499999999999999556e-01 -1.734620245317378961e-01 -1.840898429195157249e+01
4.599999999999999645e-01 4.793655789033924967e-03 -1.792272590562755497e+01
4.699999999999999734e-01 1.849924935808131832e-01 -1.806221273499455293e+01
4.799999999999999822e-01 3.660379104889249224e-01 -1.736497994223320873e+01
4.899999999999999911e-01 5.322920924254772590e-01 -1.555083503251903743e+01
5.000000000000000000e-01 6.770546111393056510e-01 -1.272893885552733018e+01
5.100000000000000089e-01 7.868708695360239203e-01 -9.039918211135555381e+00
5.200000000000000178e-01 8.578529753620167675e-01 -5.110559101798286541e+00
5.299999999999999156e-01 8.890820515719896067e-01 -1.662224806824956103e+00
5.400000000000000355e-01 8.910974714985159251e-01 1.129502894883978925e+00
5.499999999999999334e-01 8.664919936743100681e-01 3.275674806273926265e+00
5.599999999999999423e-01 8.255839753730374042e-01 5.000118048907143731e+00
5.699999999999999512e-01 7.664896326961672113e-01 6.450208911115903554e+00
5.799999999999999600e-01 6.965797971507192710e-01 7.445554439841622241e+00
5.899999999999999689e-01 6.175785438993347531e-01 7.737353483582980473e+00
5.999999999999999778e-01 5.418327274790597503e-01 7.349530263867540825e+00
6.099999999999999867e-01 4.705879386219839478e-01 6.989271822390850097e+00
6.199999999999998845e-01 4.020472910312427595e-01 7.094103608102216185e+00
6.300000000000000044e-01 3.287058664599396551e-01 7.533245018087052713e+00
6.400000000000000133e-01 2.513823906695016874e-01 7.972176297644502085e+00
6.499999999999999112e-01 1.692623405070496356e-01 8.017316527484330990e+00
6.600000000000000311e-01 9.103606011981510426e-02 7.218630160013571384e+00
6.700000000000000400e-01 2.488973730677823334e-02 5.943642478569835852e+00
6.799999999999999378e-01 -2.783678945158159918e-02 4.968565546887139028e+00
6.899999999999999467e-01 -7.448157363096453987e-02 4.459437134642639577e+00
7.000000000000000666e-01 -1.170255321444343966e-01 4.062261365111371703e+00
7.099999999999999645e-01 -1.557268009331919667e-01 3.408101130769096709e+00
7.199999999999999734e-01 -1.851875547598163252e-01 2.209464873194858292e+00
7.299999999999998712e-01 -1.999160983970891259e-01 5.358345371609845031e-01
7.399999999999999911e-01 -1.959042455030360064e-01 -1.184296373079622100e+00
7.500000000000000000e-01 -1.762301709354966994e-01 -2.381198107903876870e+00
7.599999999999998979e-01 -1.482802833449584634e-01 -2.821247679161484001e+00
7.699999999999999067e-01 -1.198052173522670127e-01 -2.823124457836899470e+00
7.800000000000000266e-01 -9.181779418822048899e-02 -2.651090700313348147e+00
7.899999999999999245e-01 -6.678340334600005312e-02 -2.348528474920656972e+00
7.999999999999999334e-01 -4.484722468980735510e-02 -1.972659711733967036e+00
8.100000000000000533e-01 -2.733020911132072114e-02 -1.472981684539615976e+00
8.199999999999999512e-01 -1.538759099901503523e-02 -8.397767233460596836e-01
8.299999999999999600e-01 -1.053467464439953108e-02 -3.387611084117166937e-01
8.399999999999999689e-01 -8.612368830780701631e-03 -2.015551527967059386e-01
8.499999999999999778e-01 -6.503571588465412341e-03 -3.255484962967157836e-01
8.599999999999999867e-01 -2.101398904846387469e-03 -4.871512540803387692e-01
8.699999999999999956e-01 3.239453493141361724e-03 -5.098957338070395640e-01
8.799999999999998934e-01 8.096515771294403654e-03 -3.044665818288300185e-01
8.900000000000000133e-01 9.328785129717961228e-03 7.237498876644206380e-02
8.999999999999999112e-01 6.649015995965562933e-03 4.032162471783772295e-01
9.099999999999999201e-01 1.264460186150417583e-03 5.834953985069372129e-01
9.199999999999999289e-01 -5.020891974173180908e-03 6.654918567545375918e-01
9.299999999999999378e-01 -1.204537694894033256e-02 7.130140700928844222e-01
9.399999999999999467e-01 -1.928117337603086831e-02 7.256482580842081864e-01
9.499999999999999556e-01 -2.655834211062449782e-02 7.470913696437494478e-01
9.599999999999999645e-01 -3.422300076890585213e-02 7.965754882929310110e-01
9.699999999999999734e-01 -4.248985187648311734e-02 8.293955882571015792e-01
9.799999999999999822e-01 -5.081091253404788205e-02 8.300223050333705999e-01
9.899999999999998801e-01 -5.909029797715052712e-02 8.117538914416101425e-01
1.000000000000000000e+00 -6.704599036288008684e-02 7.484656744035043108e-01
1.010000000000000009e+00 -7.405961146522060945e-02 6.107640827547214935e-01
1.020000000000000018e+00 -7.926127201797451838e-02 3.890902143649937472e-01
1.029999999999999805e+00 -8.184141575252049106e-02 9.269698012365018558e-02
1.040000000000000036e+00 -8.111521162044751931e-02 -2.253815546604708009e-01
1.050000000000000044e+00 -7.733378465931106671e-02 -4.839523541357495517e-01
1.059999999999999831e+00 -7.143616453773252162e-02 -6.357952995042511768e-01
1.069999999999999840e+00 -6.461787866922605317e-02 -7.184177696198036367e-01
1.080000000000000071e+00 -5.706780914533645527e-02 -7.686634715433358078e-01
1.089999999999999858e+00 -4.924460923835933396e-02 -7.807027964582088364e-01
1.099999999999999867e+00 -4.145375321617227743e-02 -7.824911263433887987e-01
1.109999999999999876e+00 -3.359478671149156159e-02 -8.058389001178312139e-01
1.119999999999999885e+00 -2.533697521381565385e-02 -8.102266172953523915e-01
1.129999999999999893e+00 -1.739025436558451487e-02 -7.495812741357192888e-01
1.139999999999999902e+00 -1.034534973110127001e-02 -6.301069985657549166e-01
1.149999999999999911e+00 -4.788114394269416159e-03 -4.682686542791618667e-01
1.159999999999999920e+00 -9.799766455180340154e-04 -1.286495897012155942e-01
1.169999999999999929e+00 -2.215122600245104847e-03 -2.703557609036700421e-02
1.179999999999999938e+00 -4.392651237106940222e-04 -1.089763369077344224e-01
1.189999999999999947e+00 -3.559586209041660501e-05 -2.196325618553470610e-02
1.199999999999999956e+00 0.000000000000000000e+00 -3.559586209041660718e-03
