0.000000000000000000e+00 3.670181148312424739e+03 6.146774935342097888e+04
1.000000200000000089e-02 3.099587903017056306e+03 5.265089970565265685e+04
1.999999800000000147e-02 2.617163154196024152e+03 4.451311058521486120e+04
2.999999999999999889e-02 2.209325691312480103e+03 3.762901147994366329e+04
4.000000199999999978e-02 1.864582924601056220e+03 3.180578700290991401e+04
4.999999799999999689e-02 1.573209951251632219e+03 2.688025052185833556e+04
5.999999999999999778e-02 1.326977914163192054e+03 2.271429335963573612e+04
7.000000199999999173e-02 1.118924084060312225e+03 1.919103280494638966e+04
7.999999800000000272e-02 9.431572580632880545e+02 1.621155163892468227e+04
8.999999999999999667e-02 7.946930512814001304e+02 1.369213835589022892e+04
1.000000019999999906e-01 6.693144909453441187e+02 1.156195120041650807e+04
1.099999979999999877e-01 5.634540272725121213e+02 9.761040945894108518e+03
1.199999999999999956e-01 4.740936720269040734e+02 8.238677331126775243e+03
1.300000020000000034e-01 3.986804806522080185e+02 6.951932528255081706e+03
1.399999979999999866e-01 3.350550214613840581e+02 5.864482174384521386e+03
1.499999999999999944e-01 2.813908371649360447e+02 4.945590558940200935e+03
1.600000020000000023e-01 2.361432102846720511e+02 4.169251688005640972e+03
1.699999979999999855e-01 1.980058034035680237e+02 3.513462289051414245e+03
1.799999999999999933e-01 1.658739645025279970e+02 2.959606494385107453e+03
1.900000019999999734e-01 1.388136735174000194e+02 2.491935053015947233e+03
1.999999979999999844e-01 1.160352634424880165e+02 2.097124553730213847e+03
2.099999999999999922e-01 9.687118244168001979e+01 1.763904371339026966e+03
2.200000019999999723e-01 8.075717601556800673e+01 1.482740934946466950e+03
2.299999980000000110e-01 6.721636374344799947e+01 1.245570514049053600e+03
2.399999999999999911e-01 5.584576573221600171e+01 1.045573070462733540e+03
2.500000019999999989e-01 4.630490233349600260e+01 8.769808680349068482e+02
2.599999980000000099e-01 3.830614837514400506e+01 9.227092928346000917e+02
2.700000000000000178e-01 2.785071647471200151e+01 1.324145691337613698e+03
2.800000019999999701e-01 1.182323454518400041e+01 9.621621643041868310e+02
2.899999979999999811e-01 8.607473189744000663e+00 2.198027160168533953e+02
2.999999999999999889e-01 7.427180224568000533e+00 1.180292963711600294e+02
3.100000019999999967e-01 6.246887263576001104e+00 9.964838960161335990e+01
3.199999980000000077e-01 5.434212433512001006e+00 8.126748283206667622e+01
3.300000000000000155e-01 4.621537607632000721e+00 4.900051932890668382e+01
3.400000020000000234e-01 4.454202046376000368e+00 2.315588985200000138e+01
3.499999979999999788e-01 4.158419810592000054e+00 3.048942307589334177e+01
3.599999999999999867e-01 3.844413585416000867e+00 3.049763925945334009e+01
3.700000019999999945e-01 3.548467023032000789e+00 2.895157414136000185e+01
3.799999980000000055e-01 3.265382101752000388e+00 2.820393715481333885e+01
3.900000000000000133e-01 2.984388280912000369e+00 2.818281478868000889e+01
4.000000020000000212e-01 2.701725809744000451e+00 2.799733264342667027e+01
4.099999979999999766e-01 2.424441627904000196e+00 2.704383766872000905e+01
4.199999999999999845e-01 2.160849054696000415e+00 2.544139179780000148e+01
4.300000019999999368e-01 1.915613794039999984e+00 2.358230303485333579e+01
4.399999980000000033e-01 1.689202993719999935e+00 2.177743003485333873e+01
4.499999999999999556e-01 1.480065193064000084e+00 2.015373045506666827e+01
4.600000019999999634e-01 1.286128383224000249e+00 1.872521066086667219e+01
4.699999980000000299e-01 1.105560976360000058e+00 1.748794755254667166e+01
4.799999999999999822e-01 9.363694345440002342e-01 1.642979568241333510e+01
4.900000019999999901e-01 7.769650636880001127e-01 1.538463313790666831e+01
4.999999979999999455e-01 6.286767691360000132e-01 1.415807093733333488e+01
5.100000000000000089e-01 4.938036463360001016e-01 1.275217219017333647e+01
5.200000019999999612e-01 3.736333254720000663e-01 1.130237312984000120e+01
5.299999979999999722e-01 2.677561845760000336e-01 9.878992236013335315e+00
5.400000000000000355e-01 1.760534817280000330e-01 8.534962624600002101e+00
5.500000019999999878e-01 9.705692999200001003e-02 7.290545957146668421e+00
5.599999979999999988e-01 3.024256286400000757e-02 6.130874110720001546e+00
5.699999999999999512e-01 -2.556054971200000248e-02 5.081485523986668085e+00
5.800000019999999035e-01 -7.138714859200000207e-02 4.232523723826667528e+00
5.899999980000000255e-01 -1.102110243280000207e-01 3.638279464413333830e+00
5.999999999999999778e-01 -1.441527369040000173e-01 3.284361040946667032e+00
6.100000019999999301e-01 -1.758982469600000043e-01 3.137848323026667607e+00
6.199999980000000521e-01 -2.069097035040000088e-01 3.092148060026667089e+00
6.300000000000000044e-01 -2.377412062080000166e-01 2.968400897533333804e+00
6.400000019999999568e-01 -2.662777221520000182e-01 2.717576610626667222e+00
6.499999980000000788e-01 -2.920927385600000648e-01 2.457905192960000651e+00
6.600000000000000311e-01 -3.154358226639999985e-01 2.276944863866667390e+00
6.700000019999999834e-01 -3.376316372320000148e-01 2.200630705213333815e+00
6.799999979999998834e-01 -3.594484399760000670e-01 2.230307182640000718e+00
6.899999999999999467e-01 -3.822377800480000198e-01 2.366950625573333689e+00
7.000000019999998990e-01 -4.067874502560000494e-01 2.545632536546666991e+00
7.099999979999999100e-01 -4.331504325920000897e-01 2.693610477320000474e+00
7.199999999999999734e-01 -4.606596593839999976e-01 2.758305486666667417e+00
7.300000019999999257e-01 -4.883165395360000716e-01 2.736949304666667082e+00
7.399999979999999367e-01 -5.153986468720000991e-01 2.620634571880000596e+00
7.500000000000000000e-01 -5.407292313920000204e-01 2.376278825680000484e+00
7.600000019999999523e-01 -5.629242217120000724e-01 1.983674636133333724e+00
7.699999979999999633e-01 -5.804027269040000769e-01 1.500391716373333573e+00
7.800000000000000266e-01 -5.929320579919999945e-01 1.014181398253333422e+00
7.900000019999999790e-01 -6.006863530560000441e-01 5.650387330266667396e-01
7.999999979999999900e-01 -6.042328327920001296e-01 1.242342079866666921e-01
8.100000000000000533e-01 -6.031710381920000197e-01 -3.350607379866667457e-01
8.200000020000000056e-01 -5.975316170560001083e-01 -8.103329085866668446e-01
8.299999979999999056e-01 -5.869643811360000241e-01 -1.282792524653333599e+00
8.399999999999999689e-01 -5.718757683760000710e-01 -1.726285220880000360e+00
8.500000019999999212e-01 -5.524386742080000801e-01 -2.122872968933333659e+00
8.599999979999999322e-01 -5.294183062080001223e-01 -2.447851333840000532e+00
8.699999999999999956e-01 -5.034816483680000232e-01 -2.688604921026667149e+00
8.800000019999999479e-01 -4.756462076480000301e-01 -2.858019578826667573e+00
8.899999979999999589e-01 -4.463212587440000823e-01 -2.973800830693333896e+00
8.999999999999999112e-01 -4.161701915920000272e-01 -3.024260568026666984e+00
9.100000019999999745e-01 -3.858360451520000400e-01 -2.994222488400000604e+00
9.199999979999999855e-01 -3.562857418240000240e-01 -2.896090059813334339e+00
9.299999999999999378e-01 -3.279142428400000364e-01 -2.774844476053333953e+00
9.400000020000000012e-01 -3.007888520240000196e-01 -2.649867329133333893e+00
9.499999980000000122e-01 -2.749168997440000206e-01 -2.510590908946666922e+00
9.599999999999999645e-01 -2.505770362160000264e-01 -2.344636760840000278e+00
9.700000020000000278e-01 -2.280241632720000355e-01 -2.157811293573333788e+00
9.799999979999999278e-01 -2.074208083920000278e-01 -1.959543423106667070e+00
9.899999999999998801e-01 -1.888332921600000269e-01 -1.754534215133333852e+00
1.000000001999999943e+00 -1.723301233920000175e-01 -1.547101411213333666e+00
1.009999997999999843e+00 -1.578912649120000344e-01 -1.349195958826666875e+00
1.020000000000000018e+00 -1.453462061680000084e-01 -1.175414774026666942e+00
1.030000001999999970e+00 -1.343829713840000162e-01 -1.036740291973333505e+00
1.039999997999999870e+00 -1.246113983760000210e-01 -9.420655698000001133e-01
1.050000000000000044e+00 -1.155416578960000162e-01 -8.906881836400001307e-01
1.060000001999999997e+00 -1.067976376320000087e-01 -8.640694292000001830e-01
1.069999997999999897e+00 -9.826026931200000647e-02 -8.389493835600001503e-01
1.080000000000000071e+00 -9.001864703200002094e-02 -8.058275983066668369e-01
1.090000002000000023e+00 -8.214371888000000788e-02 -7.653099375600002086e-01
1.099999997999999923e+00 -7.471244953600000849e-02 -7.269586195200000711e-01
1.110000000000000098e+00 -6.760454481600000620e-02 -6.991325439866666880e-01
1.120000002000000050e+00 -6.072979768000000278e-02 -6.801090117200001561e-01
1.129999997999999950e+00 -5.400236500000001050e-02 -6.670919670933335155e-01
1.139999999999999902e+00 -4.738795889600000422e-02 -6.660003893866667246e-01
1.150000001999999855e+00 -4.068235832800000396e-02 -6.877541838800000917e-01
1.159999997999999977e+00 -3.363287480000000385e-02 -1.774640943160000095e+00
1.169999999999999929e+00 -5.189540720000000891e-03 -1.655588500626666848e+00
1.180000001999999881e+00 -5.211046480000001112e-04 -2.570058819200000677e-01
1.189999998000000003e+00 -4.942140800000000955e-05 -2.605528818666667107e-02
1.199999999999999956e+00 0.000000000000000000e+00 1.617102750666667144e-02
