0.000000000000000000e+00 2.651949180430044635e+02 6.193649707289363278e+02
1.000000000000000021e-02 2.590012683357151104e+02 6.193649707289363278e+02
2.000000000000000042e-02 2.528076186284257290e+02 6.193649707289363278e+02
2.999999999999999889e-02 2.466139689211363759e+02 6.193649707289316666e+02
4.000000000000000083e-02 2.404203192138471081e+02 6.193649707289316666e+02
4.999999999999999584e-02 2.342266695065577267e+02 6.193649707289363278e+02
5.999999999999999778e-02 2.280330197992683736e+02 6.193649707289363278e+02
6.999999999999999278e-02 2.218393700919790206e+02 6.193649707289339403e+02
8.000000000000000167e-02 2.156457203846896959e+02 6.193649707289339403e+02
8.999999999999999667e-02 2.094520706774003429e+02 6.193649707289339403e+02
9.999999999999999167e-02 2.032584209701110183e+02 6.193649707289339403e+02
1.099999999999999867e-01 1.970647712628216652e+02 6.193649707289339403e+02
1.199999999999999956e-01 1.908711215555323406e+02 6.193649707289339403e+02
1.300000000000000044e-01 1.846774718482429876e+02 6.193649707289363278e+02
1.399999999999999856e-01 1.784838221409536061e+02 6.193649707289339403e+02
1.499999999999999944e-01 1.722901724336643099e+02 6.193649707289339403e+02
1.600000000000000033e-01 1.660965227263749284e+02 6.193649707289339403e+02
1.699999999999999845e-01 1.599028730190856322e+02 6.193649707289339403e+02
1.799999999999999933e-01 1.537092233117962508e+02 6.193649707289339403e+02
1.899999999999999745e-01 1.475155736045069261e+02 6.193649707289339403e+02
1.999999999999999833e-01 1.413219238972175731e+02 6.193649707289351909e+02
2.099999999999999922e-01 1.351282741899282485e+02 6.193649707289339403e+02
2.199999999999999734e-01 1.289346244826388954e+02 6.193649707289351909e+02
2.299999999999999822e-01 1.227409747753495282e+02 6.193649707289363278e+02
2.399999999999999911e-01 1.165473250680601751e+02 6.193649707289339403e+02
2.500000000000000000e-01 1.103536753607708505e+02 6.193649707289339403e+02
2.600000000000000089e-01 1.041600256534814974e+02 6.193649707289351909e+02
2.700000000000000178e-01 9.796637594619215861e+01 6.193649707289339403e+02
2.799999999999999711e-01 9.177272623890281977e+01 6.193649707289339403e+02
2.899999999999999800e-01 8.557907653161346673e+01 6.193649707289339403e+02
2.999999999999999889e-01 7.938542682432412789e+01 6.193649707289339403e+02
3.099999999999999423e-01 7.319177711703478906e+01 6.193649707289351909e+02
3.200000000000000067e-01 6.699812740974543601e+01 6.193649707289363278e+02
3.300000000000000155e-01 6.080447770245606876e+01 6.193649707289339403e+02
3.399999999999999689e-01 5.461082799516675124e+01 6.193649707289339403e+02
3.500000000000000333e-01 4.841717828787739109e+01 6.193649707289342814e+02
3.599999999999999867e-01 4.222352858058806646e+01 6.193649707289342814e+02
3.699999999999999956e-01 3.602987887329870631e+01 6.193649707289342814e+02
3.799999999999999489e-01 2.983622916600938169e+01 3.676685781401359350e+02
3.900000000000000133e-01 2.867650731049598534e+01 2.964028865958520669e+02
3.999999999999999667e-01 2.390817143409234191e+01 4.452732726292235839e+02
4.099999999999999756e-01 1.977104185791151636e+01 3.745544584684967049e+02
4.199999999999999845e-01 1.641708226472240995e+01 3.059339993925098611e+02
4.299999999999999933e-01 1.365236187006131985e+01 2.563110468313829529e+02
4.399999999999999467e-01 1.129086132809474918e+01 2.205343676646235451e+02
4.499999999999999556e-01 9.241674516768847880e+00 1.914493307459975142e+02
4.599999999999999645e-01 7.461874713174800000e+00 1.658986881566265197e+02
4.699999999999999734e-01 5.923700753636317984e+00 1.426579783971315294e+02
4.799999999999999822e-01 4.608715145232169519e+00 1.217144070492173000e+02
4.899999999999999911e-01 3.489412612651972445e+00 1.039397311171834275e+02
5.000000000000000000e-01 2.529920522888501111e+00 8.933316339105346060e+01
5.100000000000000089e-01 1.702749344830903011e+00 7.680566643300902285e+01
5.200000000000000178e-01 9.938071942283208671e-01 6.582081830689274682e+01
5.299999999999999156e-01 3.863329786930482235e-01 5.610046568288938573e+01
5.400000000000000355e-01 -1.282021194294667987e-01 4.702186994287983879e+01
5.499999999999999334e-01 -5.541044201645483058e-01 3.840057502721492000e+01
5.599999999999999423e-01 -8.962136199737651410e-01 3.069500613881469775e+01
5.699999999999999512e-01 -1.168004542940842327e+00 2.446834648050545269e+01
5.799999999999999600e-01 -1.385580549583874221e+00 1.990438643933425311e+01
5.899999999999999689e-01 -1.566092271727527407e+00 1.641062898109427692e+01
5.999999999999999778e-01 -1.713793129205759769e+00 1.307594984747762901e+01
6.099999999999999867e-01 -1.827611268677079792e+00 9.452095991892926818e+00
6.199999999999998845e-01 -1.902835049043618332e+00 5.619976232356993506e+00
6.300000000000000044e-01 -1.940010793324219662e+00 1.971280353126418472e+00
6.400000000000000133e-01 -1.942260656106146621e+00 -1.140443849006046451e+00
6.499999999999999112e-01 -1.917201916344098755e+00 -3.572782120646840198e+00
6.600000000000000311e-01 -1.870805013693209728e+00 -5.287277964828363430e+00
6.700000000000000400e-01 -1.811456357047531496e+00 -6.508472792769031123e+00
6.799999999999999378e-01 -1.740635557837829195e+00 -7.844869305639361023e+00
6.899999999999999467e-01 -1.654558970934744355e+00 -9.438192051878697697e+00
7.000000000000000666e-01 -1.551871716800255152e+00 -1.074321525451192372e+01
7.099999999999999645e-01 -1.439694665844506005e+00 -1.140756099250188171e+01
7.199999999999999734e-01 -1.323720496950217651e+00 -1.146963798091464248e+01
7.299999999999998712e-01 -1.210301906226213031e+00 -1.103765309657514315e+01
7.399999999999999911e-01 -1.102967435018714859e+00 -1.041741495204194479e+01
7.500000000000000000e-01 -1.001953607185374295e+00 -9.929270762558479291e+00
7.599999999999998979e-01 -9.043820197675452865e-01 -9.536475702664533927e+00
7.699999999999999067e-01 -8.112240931320835458e-01 -9.090962919747296311e+00
7.800000000000000266e-01 -7.225627613725993381e-01 -8.519397954156433528e+00
7.899999999999999245e-01 -6.408361340489548974e-01 -7.854559418961564177e+00
7.999999999999999334e-01 -5.654715729933680324e-01 -7.194246376009543198e+00
8.100000000000000533e-01 -4.969512065287641223e-01 -6.608431711534988651e+00
8.199999999999999512e-01 -4.333029387626683437e-01 -6.060781054820416180e+00
8.299999999999999600e-01 -3.757355854323558009e-01 -5.362086430202413823e+00
8.399999999999999689e-01 -3.260612101586200517e-01 -4.356388496439475233e+00
8.499999999999999778e-01 -2.886078155035662896e-01 -3.267362240691269903e+00
8.599999999999999867e-01 -2.607139653447946848e-01 -2.382449116719920212e+00
8.699999999999999956e-01 -2.409588331691678853e-01 -1.588839743197551391e+00
8.799999999999998934e-01 -2.289371704808436381e-01 -7.598385552577952007e-01
8.900000000000000133e-01 -2.257620620640120035e-01 -2.730300063776036276e-02
8.999999999999999112e-01 -2.283911104680884374e-01 4.594909576430241671e-01
9.099999999999999201e-01 -2.349518812168724657e-01 6.921854206230838580e-01
9.199999999999999289e-01 -2.422348188805501235e-01 6.431102687680653185e-01
9.299999999999999378e-01 -2.478140865922337788e-01 4.275082190335281473e-01
9.399999999999999467e-01 -2.507849832612206731e-01 2.330129041034906812e-01
9.499999999999999556e-01 -2.524743446743035746e-01 1.731231944338049999e-01
9.599999999999999645e-01 -2.542474471498967770e-01 1.794918239969647278e-01
9.699999999999999734e-01 -2.560641811542428981e-01 1.630440673840974075e-01
9.799999999999999822e-01 -2.575083284975787090e-01 4.954655703337147721e-02
9.899999999999998801e-01 -2.570551122949102929e-01 -1.854194801191514641e-01
1.000000000000000000e+00 -2.537999388951956981e-01 -5.401555894987231099e-01
1.010000000000000009e+00 -2.462520005049358696e-01 -9.112401862808698905e-01
1.020000000000000018e+00 -2.355751351695783147e-01 -1.209177491032410234e+00
1.029999999999999805e+00 -2.220684506842876549e-01 -1.421726984126613136e+00
1.040000000000000036e+00 -2.071405954870460253e-01 -1.530554967940863431e+00
1.050000000000000044e+00 -1.914573513254703985e-01 -1.552328115187617597e+00
1.059999999999999831e+00 -1.760940331832936967e-01 -1.559628980346011939e+00
1.069999999999999840e+00 -1.602647717185501641e-01 -1.632321231868048228e+00
1.080000000000000071e+00 -1.434476085459327199e-01 -1.760431549948319185e+00
1.089999999999999858e+00 -1.250561407195837638e-01 -1.875200208351869735e+00
1.099999999999999867e+00 -1.059436043788953286e-01 -1.870459411274143946e+00
1.109999999999999876e+00 -8.764695249410089928e-02 -1.692094935002636857e+00
1.119999999999999885e+00 -7.210170567884259529e-02 -1.388958235778002814e+00
1.129999999999999893e+00 -5.986778777854084160e-02 -1.102826760284600027e+00
1.139999999999999902e+00 -5.004517047315060196e-02 -9.518834030922191936e-01
1.149999999999999911e+00 -4.083011971669646412e-02 -9.456322322965162730e-01
1.159999999999999920e+00 -3.113252582722027956e-02 -1.683709533039633444e+00
1.169999999999999929e+00 -7.155929055903799060e-03 -1.514325605166498168e+00
1.179999999999999938e+00 -8.460137238903196006e-04 -3.546075625286457256e-01
1.189999999999999947e+00 -6.377780533088618870e-05 -4.230068619451598372e-02
1.199999999999999956e+00 0.000000000000000000e+00 -6.377780533088619683e-03
