0.000000000000000000e+00 2.601871839417683532e+02 7.373164846432069908e+02
1.000000000000000021e-02 2.528140190953362492e+02 7.373164846432047170e+02
2.000000000000000042e-02 2.454408542489042304e+02 7.373164846432023296e+02
2.999999999999999889e-02 2.380676894024722117e+02 7.373164846432047170e+02
4.000000000000000083e-02 2.306945245560401361e+02 7.373164846432069908e+02
4.999999999999999584e-02 2.233213597096080605e+02 7.373164846432047170e+02
5.999999999999999778e-02 2.159481948631760417e+02 7.373164846432069908e+02
6.999999999999999278e-02 2.085750300167439377e+02 7.373164846432069908e+02
8.000000000000000167e-02 2.012018651703119190e+02 7.373164846432047170e+02
8.999999999999999667e-02 1.938287003238798434e+02 7.373164846432059676e+02
9.999999999999999167e-02 1.864555354774477962e+02 7.373164846432059676e+02
1.099999999999999867e-01 1.790823706310157206e+02 7.373164846432059676e+02
1.199999999999999956e-01 1.717092057845836734e+02 7.373164846432059676e+02
1.300000000000000044e-01 1.643360409381515979e+02 7.373164846432059676e+02
1.399999999999999856e-01 1.569628760917195507e+02 7.373164846432047170e+02
1.499999999999999944e-01 1.495897112452875319e+02 7.373164846432059676e+02
1.600000000000000033e-01 1.422165463988554563e+02 7.373164846432059676e+02
1.699999999999999845e-01 1.348433815524234092e+02 7.373164846432047170e+02
1.799999999999999933e-01 1.274702167059913620e+02 7.373164846432047170e+02
1.899999999999999745e-01 1.200970518595593148e+02 7.373164846432059676e+02
1.999999999999999833e-01 1.127238870131272392e+02 7.373164846432059676e+02
2.099999999999999922e-01 1.053507221666951921e+02 7.373164846432047170e+02
2.199999999999999734e-01 9.797755732026314490e+01 7.373164846432052855e+02
2.299999999999999822e-01 9.060439247383109773e+01 7.373164846432069908e+02
2.399999999999999911e-01 8.323122762739900793e+01 7.373164846432069908e+02
2.500000000000000000e-01 7.585806278096694655e+01 7.373164846432052855e+02
2.600000000000000089e-01 6.848489793453489938e+01 7.373164846432052855e+02
2.700000000000000178e-01 6.111173308810284510e+01 7.373164846432059676e+02
2.799999999999999711e-01 5.373856824167079083e+01 7.373164846432052855e+02
2.899999999999999800e-01 4.636540339523874366e+01 7.373164846432052855e+02
2.999999999999999889e-01 3.899223854880668227e+01 7.373164846432043760e+02
3.099999999999999423e-01 3.161907370237465642e+01 7.373164846432053992e+02
3.200000000000000067e-01 2.424590885594257728e+01 4.734770770370869286e+02
3.300000000000000155e-01 2.214953216163291927e+01 3.513797538298112499e+02
3.399999999999999689e-01 1.721831377934635299e+01 4.282558643071109259e+02
3.500000000000000333e-01 1.358441487549070104e+01 3.200193631497397178e+02
3.599999999999999867e-01 1.081792651635156055e+01 2.457066663301271490e+02
3.699999999999999956e-01 8.670281548888159051e+00 1.934417256058871430e+02
3.799999999999999489e-01 6.949092004233817121e+00 1.541501905862542969e+02
3.900000000000000133e-01 5.587277737163073077e+00 1.230802539493090961e+02
3.999999999999999667e-01 4.487486925247635483e+00 9.892363050195243090e+01
4.099999999999999756e-01 3.608805127124024459e+00 7.968458268312508608e+01
4.199999999999999845e-01 2.893795271585133833e+00 6.447570636080760664e+01
4.299999999999999933e-01 2.319290999907872575e+00 5.250820789570470026e+01
4.399999999999999467e-01 1.843631113671040156e+00 4.401708292905408371e+01
4.499999999999999556e-01 1.438949341326790865e+00 3.840047674673887457e+01
4.599999999999999645e-01 1.075621578736262629e+00 3.458463374442822413e+01
4.699999999999999734e-01 7.472566664382264134e-01 3.130304136338488519e+01
4.799999999999999822e-01 4.495607514685650563e-01 2.759450703890872703e+01
4.899999999999999911e-01 1.953665256600518596e-01 2.300322165394445761e+01
5.000000000000000000e-01 -1.050368161032405948e-02 1.811537452515129942e+01
5.100000000000000089e-01 -1.669409648429741322e-01 1.336912487283484730e+01
5.200000000000000178e-01 -2.778861790670210108e-01 9.076789884782158424e+00
5.299999999999999156e-01 -3.484767625386173129e-01 5.559971900649997245e+00
5.400000000000000355e-01 -3.890856170800209290e-01 3.117511618568680642e+00
5.499999999999999334e-01 -4.108269949099909168e-01 1.476140176130923409e+00
5.599999999999999423e-01 -4.186084206026394194e-01 1.688277249085723408e-01
5.699999999999999512e-01 -4.142035494081623415e-01 -1.148957573573456958e+00
5.799999999999999600e-01 -3.956292691311702470e-01 -2.474029186170780825e+00
5.899999999999999689e-01 -3.647229656847467139e-01 -3.507176459859099982e+00
5.999999999999999778e-01 -3.254857399339882718e-01 -3.712377971475532945e+00
6.099999999999999867e-01 -2.904754062552361016e-01 -2.835292505052958489e+00
6.199999999999998845e-01 -2.687798898329291086e-01 -1.376154085219245315e+00
6.300000000000000044e-01 -2.629523245508511575e-01 -1.844990282329321551e-01
6.400000000000000133e-01 -2.650899092682704739e-01 3.995002232742724813e-01
6.499999999999999112e-01 -2.709423290163366360e-01 4.337578306068227141e-01
6.600000000000000311e-01 -2.737650658804069437e-01 -1.586207805417195679e-02
6.700000000000000400e-01 -2.706250874552532104e-01 -7.474527282336448364e-01
6.799999999999999378e-01 -2.588160113157340070e-01 -1.278812721654426721e+00
6.899999999999999467e-01 -2.450488330221646527e-01 -1.333417200197483998e+00
7.000000000000000666e-01 -2.321476673117843503e-01 -1.103577372522469124e+00
7.099999999999999645e-01 -2.229772855717152835e-01 -8.011132795128398376e-01
7.199999999999999734e-01 -2.161254017215275547e-01 -4.478943498610275520e-01
7.299999999999998712e-01 -2.140193985744947291e-01 -6.335784892820965630e-02
7.399999999999999911e-01 -2.148582447429633613e-01 3.803135519945000653e-01
7.500000000000000000e-01 -2.216256696143847349e-01 8.958958722442239564e-01
7.599999999999998979e-01 -2.327761621878478293e-01 1.321485199063508365e+00
7.699999999999999067e-01 -2.480553735956548822e-01 1.516600089393262518e+00
7.800000000000000266e-01 -2.631081639757130719e-01 1.494183118062045290e+00
7.899999999999999245e-01 -2.779390359568957858e-01 1.319359348070132887e+00
7.999999999999999334e-01 -2.894953509371157585e-01 1.064180491965877495e+00
8.100000000000000533e-01 -2.992226457962133268e-01 8.444450673920702588e-01
8.199999999999999512e-01 -3.063842522849571370e-01 6.330590172058780940e-01
8.299999999999999600e-01 -3.118838261403308887e-01 3.318877551619591748e-01
8.399999999999999689e-01 -3.130220073881962994e-01 -1.644603066302721406e-01
8.499999999999999778e-01 -3.085946200077254731e-01 -7.501566987827607003e-01
8.599999999999999867e-01 -2.980188734125411298e-01 -1.224044801145366845e+00
8.699999999999999956e-01 -2.841137239848181562e-01 -1.484217899213564840e+00
8.799999999999998934e-01 -2.683345154282698042e-01 -1.580409636946048746e+00
8.900000000000000133e-01 -2.525055312458971413e-01 -1.590530060904606247e+00
8.999999999999999112e-01 -2.365239142101776826e-01 -1.657497428810789541e+00
9.099999999999999201e-01 -2.193555826696813871e-01 -1.856521556244664195e+00
9.199999999999999289e-01 -1.993934830852844009e-01 -2.153925520587902209e+00
9.299999999999999378e-01 -1.762770722579233285e-01 -2.428046069787966665e+00
9.399999999999999467e-01 -1.508325616895250798e-01 -2.552763465046358426e+00
9.499999999999999556e-01 -1.252218029569961699e-01 -2.511183487494230260e+00
9.599999999999999645e-01 -1.006088919396404824e-01 -2.351484652593177405e+00
9.699999999999999734e-01 -7.819210990513263126e-02 -2.051227889174672914e+00
9.799999999999999822e-01 -5.958433415614702161e-02 -1.628904429164480083e+00
9.899999999999998801e-01 -4.561402132184304292e-02 -1.249221232755342470e+00
1.000000000000000000e+00 -3.459990950104017277e-02 -1.040790847197719193e+00
1.010000000000000009e+00 -2.479820437788866211e-02 -9.592289103028335262e-01
1.020000000000000018e+00 -1.541533129498350550e-02 -8.779257590713831494e-01
1.029999999999999805e+00 -7.239689196460999052e-03 -7.043531243382067375e-01
1.040000000000000036e+00 -1.328268808219372358e-03 -4.246391457829686855e-01
1.050000000000000044e+00 1.253093719198374511e-03 -1.203872383797126022e-01
1.059999999999999831e+00 1.079475959374879331e-03 8.266108396054935858e-02
1.069999999999999840e+00 -4.001279600126123872e-04 1.415198951101614144e-01
1.080000000000000071e+00 -1.750921942828348715e-03 1.152393416929516218e-01
1.089999999999999858e+00 -2.704914793871644740e-03 6.126928042494678150e-02
1.099999999999999867e+00 -2.976307551327284258e-03 5.086396027708247995e-03
1.109999999999999876e+00 -2.806642714425809561e-03 -2.645755916056754739e-02
1.119999999999999885e+00 -2.447156368115933379e-03 -1.527707444629313425e-02
1.129999999999999893e+00 -2.501101225499946772e-03 2.762281883853414180e-02
1.139999999999999902e+00 -2.999612744886615955e-03 7.364025879407612440e-02
1.149999999999999911e+00 -3.973906401381469000e-03 9.260108128111660397e-02
1.159999999999999920e+00 -4.851634370508947809e-03 -1.000112372018607393e-01
1.169999999999999929e+00 -1.973681657344254683e-03 -2.230743761834316774e-01
1.179999999999999938e+00 -3.901468468403153345e-04 -9.661935447033391522e-02
1.189999999999999947e+00 -4.129456793757649253e-05 -1.950734234201577030e-02
1.199999999999999956e+00 0.000000000000000000e+00 -4.129456793757649985e-03
