0.000000000000000000e+00 1.329980632000000151e+04 2.209507640000000538e+05
1.000000200000000089e-02 1.124818192000000090e+04 1.893755106666666979e+05
1.999999800000000147e-02 9.512324000000000524e+03 1.602269773333333724e+05
2.999999999999999889e-02 8.043656320000000960e+03 1.355595080000000307e+05
4.000000199999999978e-02 6.801133840000001328e+03 1.146848346666666912e+05
4.999999799999999689e-02 5.749945680000000721e+03 9.701928933333334862e+04
5.999999999999999778e-02 4.860720160000000760e+03 8.207125200000002224e+04
7.000000199999999173e-02 4.108537376000000222e+03 6.942169506666668167e+04
7.999999800000000272e-02 3.472297416000000339e+03 5.871825600000000850e+04
8.999999999999999667e-02 2.934172256000000289e+03 4.966163933333333989e+04
1.000000019999999906e-01 2.479061840000000302e+03 4.199878280000000814e+04
1.099999979999999877e-01 2.094196600000000217e+03 3.551546560000001045e+04
1.199999999999999956e-01 1.768752528000000211e+03 3.003024160000000848e+04
1.300000020000000034e-01 1.493587584000000334e+03 2.538976720000000569e+04
1.399999979999999866e-01 1.260957184000000325e+03 2.146412920000000304e+04
1.499999999999999944e-01 1.064305000000000064e+03 1.814335813333333863e+04
1.600000020000000023e-01 8.980914159999999811e+02 1.533442973333333612e+04
1.699999979999999855e-01 7.576178000000001020e+02 1.295861506666666901e+04
1.799999999999999933e-01 6.389177200000000312e+02 1.094931880000000274e+04
1.900000019999999734e-01 5.386314240000000382e+02 9.249987200000001394e+03
1.999999979999999844e-01 4.539179760000001238e+02 7.813062133333335623e+03
2.099999999999999922e-01 3.823703208000000018e+02 6.598070373333334828e+03
2.200000019999999723e-01 3.219558712000000469e+02 5.570842586666667557e+03
2.299999980000000110e-01 2.709533296000000746e+02 4.702453386666667029e+03
2.399999999999999911e-01 2.279066640000000348e+02 3.968433346666667603e+03
2.500000019999999989e-01 1.915845232000000351e+02 3.348071666666667170e+03
2.599999980000000099e-01 1.609455096000000083e+02 2.823830413333333581e+03
2.700000000000000178e-01 1.351080544000000145e+02 2.380891253333334134e+03
2.800000019999999701e-01 1.133278240000000210e+02 2.006702186666666876e+03
2.899999979999999811e-01 9.497387120000000493e+01 1.690656773333333604e+03
2.999999999999999889e-01 7.951440960000000757e+01 1.423766386666666904e+03
3.100000019999999967e-01 6.649882240000000877e+01 1.198437066666666851e+03
3.199999980000000077e-01 5.554594720000000763e+01 1.008239400000000160e+03
3.300000000000000155e-01 4.633403440000000728e+01 8.477341866666669148e+02
3.400000020000000234e-01 3.859104032000000473e+01 7.123329733333334843e+02
3.499999979999999788e-01 3.208726336000000146e+01 5.981341800000001285e+02
3.599999999999999867e-01 2.662831488000000491e+01 5.018554586666667774e+02
3.700000019999999945e-01 2.205014024000000106e+01 4.207137520000000563e+02
3.799999980000000055e-01 1.821403984000000165e+01 3.523562573333334171e+02
3.900000000000000133e-01 1.500302904000000126e+01 3.946279066666667177e+02
4.000000020000000212e-01 1.032150960000000062e+01 4.681512466666667933e+02
4.099999979999999766e-01 5.639990160000000863e+00 3.115545866666666939e+02
4.199999999999999845e-01 4.090408104000000655e+00 1.192621306666666925e+02
4.300000019999999368e-01 3.254746152000000059e+00 8.356633466666669108e+01
4.399999980000000033e-01 2.419084200000000351e+00 4.981065946666667799e+01
4.499999999999999556e-01 2.258531567999999989e+00 2.139341960000000498e+01
4.600000019999999634e-01 1.991215808000000420e+00 2.750394240000000678e+01
4.699999980000000299e-01 1.708452720000000369e+00 2.706455266666667470e+01
4.799999999999999822e-01 1.449923360000000105e+00 2.426203973333333863e+01
4.900000019999999901e-01 1.223213320000000159e+00 2.146461733333333655e+01
4.999999979999999455e-01 1.020632407999999991e+00 1.941222586666667027e+01
5.100000000000000089e-01 8.349674080000001331e-01 1.777690946666666960e+01
5.200000019999999612e-01 6.650928240000000269e-01 1.620958306666667070e+01
5.299999979999999722e-01 5.107785360000001162e-01 1.481659000000000148e+01
5.400000000000000355e-01 3.687610240000000483e-01 1.377944613333333734e+01
5.500000019999999878e-01 2.351880792000000109e-01 1.302039880000000416e+01
5.599999979999999988e-01 1.083526296000000139e-01 1.231260546666666933e+01
5.699999999999999512e-01 -1.106404408000000172e-02 1.142706186666666923e+01
5.800000019999999035e-01 -1.201879104000000142e-01 1.026760573333333504e+01
5.899999980000000255e-01 -2.164161448000000432e-01 8.939883066666668654e+00
5.999999999999999778e-01 -2.989857112000000594e-01 7.623317733333334623e+00
6.100000019999999301e-01 -3.688819416000000406e-01 6.445605413333335143e+00
6.199999980000000521e-01 -4.278976800000000025e-01 5.479394293333334609e+00
6.300000000000000044e-01 -4.784696880000000596e-01 4.739760720000000482e+00
6.400000019999999568e-01 -5.226945680000001371e-01 4.135751506666667687e+00
6.499999980000000788e-01 -5.611831840000000016e-01 3.538631946666667361e+00
6.600000000000000311e-01 -5.934669280000001157e-01 2.912461480000000602e+00
6.700000019999999834e-01 -6.194328320000000998e-01 2.282595146666666963e+00
6.799999979999998834e-01 -6.391185520000001175e-01 1.661403640000000292e+00
6.899999999999999467e-01 -6.526621600000001022e-01 1.046237093333333590e+00
7.000000019999998990e-01 -6.600427360000000743e-01 4.206698200000000831e-01
7.099999979999999100e-01 -6.610761840000000111e-01 -2.166035880000000136e-01
7.199999999999999734e-01 -6.557081120000001206e-01 -8.256914800000001442e-01
7.300000019999999257e-01 -6.445619360000001130e-01 -1.349946680000000176e+00
7.399999979999999367e-01 -6.287129440000001068e-01 -1.744867466666667255e+00
7.500000000000000000e-01 -6.096631920000000759e-01 -1.998487600000000253e+00
7.600000019999999523e-01 -5.887431920000000263e-01 -2.102857480000000390e+00
7.699999979999999633e-01 -5.676056240000001418e-01 -2.091930266666667038e+00
7.800000000000000266e-01 -5.469031920000000380e-01 -2.071442613333333682e+00
7.900000019999999790e-01 -5.261798400000000653e-01 -2.119363360000000363e+00
7.999999979999999900e-01 -5.045150880000000004e-01 -2.215190906666667292e+00
8.100000000000000533e-01 -4.818754640000000866e-01 -2.305153880000000655e+00
8.200000020000000056e-01 -4.584115920000000899e-01 -2.368869226666667327e+00
8.299999979999999056e-01 -4.344958480000000733e-01 -2.401783360000000478e+00
8.399999999999999689e-01 -4.103767616000000840e-01 -2.392432120000000495e+00
8.500000019999999212e-01 -3.866484608000000378e-01 -2.334588320000000383e+00
8.599999979999999322e-01 -3.636849952000000274e-01 -2.229214280000000326e+00
8.699999999999999956e-01 -3.420641752000000424e-01 -2.076972466666667128e+00
8.800000019999999479e-01 -3.221454064000000561e-01 -1.905051906666667128e+00
8.899999979999999589e-01 -3.039634160000000418e-01 -1.742517453333333632e+00
8.999999999999999112e-01 -2.872951968000000411e-01 -1.603497080000000352e+00
9.100000019999999745e-01 -2.718934744000000570e-01 -1.496867840000000394e+00
9.199999979999999855e-01 -2.573578400000000044e-01 -1.438368546666666692e+00
9.299999999999999378e-01 -2.431259640000000000e-01 -1.416953440000000342e+00
9.400000020000000012e-01 -2.290187712000000264e-01 -1.403048613333333750e+00
9.499999980000000122e-01 -2.150651312000000093e-01 -1.390817386666666877e+00
9.599999999999999645e-01 -2.012027024000000164e-01 -1.395133880000000159e+00
9.700000020000000278e-01 -1.871624536000000005e-01 -1.415872573333333495e+00
9.799999979999999278e-01 -1.728849720000000256e-01 -1.432238986666666936e+00
9.899999999999998801e-01 -1.585175344000000208e-01 -1.416569906666667045e+00
1.000000001999999943e+00 -1.445538528000000211e-01 -1.352994026666666905e+00
1.009999997999999843e+00 -1.314579328000000380e-01 -1.248930973333333583e+00
1.020000000000000018e+00 -1.195749544000000164e-01 -1.130990986666666975e+00
1.030000001999999970e+00 -1.088379736000000125e-01 -1.029612666666666732e+00
1.039999997999999870e+00 -9.898298000000001207e-02 -9.550049733333335622e-01
1.050000000000000044e+00 -8.973759520000000600e-02 -9.042042400000001034e-01
1.060000001999999997e+00 -8.089889520000001499e-02 -8.698605733333334422e-01
1.069999997999999897e+00 -7.234052320000000647e-02 -8.395126266666668169e-01
1.080000000000000071e+00 -6.410850319999999991e-02 -8.023726533333335187e-01
1.090000002000000023e+00 -5.629320960000000484e-02 -7.587056400000000700e-01
1.099999997999999923e+00 -4.893439040000000656e-02 -7.137206666666668919e-01
1.110000000000000098e+00 -4.201865680000000519e-02 -6.703304946666668318e-01
1.120000002000000050e+00 -3.552793392000000439e-02 -6.263169066666667284e-01
1.129999997999999950e+00 -2.949243024000000254e-02 -5.784819320000001985e-01
1.139999999999999902e+00 -2.395829528000000333e-02 -5.279531586666666998e-01
1.150000001999999855e+00 -1.893335312000000298e-02 -4.791551666666667431e-01
1.159999997999999977e+00 -1.437517800000000061e-02 -8.361933200000002397e-01
1.169999999999999929e+00 -2.209532744000000225e-03 -7.086161866666668141e-01
1.180000001999999881e+00 -2.028336256000000273e-04 -1.096201026666666911e-01
1.189999998000000003e+00 -1.712594880000000233e-05 -1.014166733333333494e-02
1.199999999999999956e+00 0.000000000000000000e+00 6.716400866666667226e-03
