0.000000000000000000e+00 2.131742001250731846e+02 4.820569757986088462e+02
1.000000000000000021e-02 2.083536303670871064e+02 4.820569757986076525e+02
2.000000000000000042e-02 2.035330606091010281e+02 4.820569757986076525e+02
2.999999999999999889e-02 1.987124908511149499e+02 4.820569757986076525e+02
4.000000000000000083e-02 1.938919210931288717e+02 4.820569757986076525e+02
4.999999999999999584e-02 1.890713513351427935e+02 4.820569757986064587e+02
5.999999999999999778e-02 1.842507815771567437e+02 4.820569757986064587e+02
6.999999999999999278e-02 1.794302118191706654e+02 4.820569757986076525e+02
8.000000000000000167e-02 1.746096420611845872e+02 4.820569757986076525e+02
8.999999999999999667e-02 1.697890723031985090e+02 4.820569757986076525e+02
9.999999999999999167e-02 1.649685025452124592e+02 4.820569757986076525e+02
1.099999999999999867e-01 1.601479327872263525e+02 4.820569757986076525e+02
1.199999999999999956e-01 1.553273630292403027e+02 4.820569757986064587e+02
1.300000000000000044e-01 1.505067932712542245e+02 4.820569757986076525e+02
1.399999999999999856e-01 1.456862235132681462e+02 4.820569757986076525e+02
1.499999999999999944e-01 1.408656537552820680e+02 4.820569757986064587e+02
1.600000000000000033e-01 1.360450839972960182e+02 4.820569757986076525e+02
1.699999999999999845e-01 1.312245142393099400e+02 4.820569757986076525e+02
1.799999999999999933e-01 1.264039444813238617e+02 4.820569757986064587e+02
1.899999999999999745e-01 1.215833747233377977e+02 4.820569757986076525e+02
1.999999999999999833e-01 1.167628049653517053e+02 4.820569757986076525e+02
2.099999999999999922e-01 1.119422352073656413e+02 4.820569757986064587e+02
2.199999999999999734e-01 1.071216654493795772e+02 4.820569757986076525e+02
2.299999999999999822e-01 1.023010956913934990e+02 4.820569757986088462e+02
2.399999999999999911e-01 9.748052593340740657e+01 4.820569757986076525e+02
2.500000000000000000e-01 9.265995617542134255e+01 4.820569757986064587e+02
2.600000000000000089e-01 8.783938641743527853e+01 4.820569757986076525e+02
2.700000000000000178e-01 8.301881665944918609e+01 4.820569757986076525e+02
2.799999999999999711e-01 7.819824690146312207e+01 4.820569757986064587e+02
2.899999999999999800e-01 7.337767714347705805e+01 4.820569757986076525e+02
2.999999999999999889e-01 6.855710738549096561e+01 4.820569757986064587e+02
3.099999999999999423e-01 6.373653762750493001e+01 4.820569757986064587e+02
3.200000000000000067e-01 5.891596786951884468e+01 4.820569757986094714e+02
3.300000000000000155e-01 5.409539811153273803e+01 4.820569757986076525e+02
3.399999999999999689e-01 4.927482835354668822e+01 4.820569757986070840e+02
3.500000000000000333e-01 4.445425859556060288e+01 4.820569757986070840e+02
3.599999999999999867e-01 3.963368883757454597e+01 4.820569757986070840e+02
3.699999999999999956e-01 3.481311907958846064e+01 4.820569757986073682e+02
3.799999999999999489e-01 2.999254932160240017e+01 4.633901912643228798e+02
3.900000000000000133e-01 2.554531525430200389e+01 3.878432017128155280e+02
3.999999999999999667e-01 2.223568528734609018e+01 3.219183370709106953e+02
4.099999999999999756e-01 1.910694851288378970e+01 3.034522454897087300e+02
4.199999999999999845e-01 1.616664037755191785e+01 2.801864986929032852e+02
4.299999999999999933e-01 1.350321853902572578e+01 2.492069932900293736e+02
4.399999999999999467e-01 1.118250051175133031e+01 2.143868461048823804e+02
4.499999999999999556e-01 9.215481616928077102e+00 1.788275046989217572e+02
4.599999999999999645e-01 7.605950417772896266e+00 1.451838091462281284e+02
4.699999999999999734e-01 6.311805434003514570e+00 1.168284983195340914e+02
4.799999999999999822e-01 5.269380451382214225e+00 9.640898510983413416e+01
4.899999999999999911e-01 4.383625731806832349e+00 8.297133617113608750e+01
5.000000000000000000e-01 3.609953727959492653e+00 7.394836224256029311e+01
5.100000000000000089e-01 2.904658486955626895e+00 6.714823780521669505e+01
5.200000000000000178e-01 2.266988971855158574e+00 6.036403800095052929e+01
5.299999999999999156e-01 1.697377726936616149e+00 5.242764498922000627e+01
5.400000000000000355e-01 1.218436072070758547e+00 4.430675209576684637e+01
5.499999999999999334e-01 8.112426850212793861e-01 3.788323589899206922e+01
5.599999999999999423e-01 4.607713540909173511e-01 3.355802304621558108e+01
5.699999999999999512e-01 1.400822240969678278e-01 3.054100191455061619e+01
5.799999999999999600e-01 -1.500486842000949284e-01 2.751073842898845001e+01
5.899999999999999689e-01 -4.101325444828011757e-01 2.340004031733550605e+01
5.999999999999999778e-01 -6.180494905468049138e-01 1.852241107507234119e+01
6.099999999999999867e-01 -7.805807659842479707e-01 1.417271224521919493e+01
6.199999999999998845e-01 -9.015037354511887813e-01 1.093216352355531207e+01
6.300000000000000044e-01 -9.992240364553541809e-01 8.725434558661518736e+00
6.400000000000000133e-01 -1.076012426624419094e+00 6.822171060482485672e+00
6.499999999999999112e-01 -1.135667457665003877e+00 4.744109350140274906e+00
6.600000000000000311e-01 -1.170894613627224690e+00 2.352734109112172511e+00
6.700000000000000400e-01 -1.182722139847247389e+00 -1.083038922677115740e-01
6.799999999999999378e-01 -1.168728535781870415e+00 -2.083688338460374823e+00
6.899999999999999467e-01 -1.141048373078039857e+00 -3.284554797838095563e+00
7.000000000000000666e-01 -1.103037439825108601e+00 -4.067901924729347307e+00
7.099999999999999645e-01 -1.059690334583452964e+00 -4.888800999097406397e+00
7.199999999999999734e-01 -1.005261419843160420e+00 -5.979222769181174790e+00
7.299999999999998712e-01 -9.401058791998294639e-01 -7.016068505607154115e+00
7.399999999999999911e-01 -8.649400497310173463e-01 -7.525215275531198955e+00
7.500000000000000000e-01 -7.896015736892054715e-01 -7.460373205121491047e+00
7.599999999999998979e-01 -7.157325856285875476e-01 -7.221251072969981699e+00
7.699999999999999067e-01 -6.451765522298058553e-01 -6.958528505648887474e+00
7.800000000000000266e-01 -5.765620155156098159e-01 -6.608845623883537357e+00
7.899999999999999245e-01 -5.129996397521351392e-01 -6.236909496567426103e+00
7.999999999999999334e-01 -4.518238255842613182e-01 -5.799468948676811841e+00
8.100000000000000533e-01 -3.970102607785989113e-01 -5.074866850918168915e+00
8.199999999999999512e-01 -3.503264885658979311e-01 -4.264936084047100451e+00
8.299999999999999600e-01 -3.117115390976569200e-01 -3.641098461193784885e+00
8.399999999999999689e-01 -2.775045193420222489e-01 -3.308488188781534944e+00
8.499999999999999778e-01 -2.455417753220262012e-01 -3.094067066295584478e+00
8.599999999999999867e-01 -2.156231780161105560e-01 -2.868217207219930565e+00
8.699999999999999956e-01 -1.881774311776276132e-01 -2.468347817478246942e+00
8.799999999999998934e-01 -1.662562216665456338e-01 -1.696076480472197945e+00
8.900000000000000133e-01 -1.542559015681836676e-01 -6.707870481223759951e-01
8.999999999999999112e-01 -1.528404807040981139e-01 2.069491307513727507e-01
9.099999999999999201e-01 -1.583948841832111265e-01 7.310198861774332979e-01
9.199999999999999289e-01 -1.674608784276467865e-01 7.627787212275370932e-01
9.299999999999999378e-01 -1.736504586077618484e-01 3.160175509941736127e-01
9.399999999999999467e-01 -1.737812294475302444e-01 -1.596830381610765126e-01
9.499999999999999556e-01 -1.704567978445403198e-01 -2.886704633762897099e-01
9.599999999999999645e-01 -1.680078201800044579e-01 -1.872795955944928648e-01
9.699999999999999734e-01 -1.667112059326504581e-01 -1.273078955499463150e-01
9.799999999999999822e-01 -1.654616622690055217e-01 -1.776162951496315368e-01
9.899999999999998801e-01 -1.631588800296578379e-01 -3.555212282326503659e-01
1.000000000000000000e+00 -1.583512377043525265e-01 -6.015194793804585771e-01
1.010000000000000009e+00 -1.511284904420486797e-01 -6.870077827870073595e-01
1.020000000000000018e+00 -1.446110820486123660e-01 -5.223490065100458990e-01
1.029999999999999805e+00 -1.406815103118477517e-01 -3.550517809442308992e-01
1.040000000000000036e+00 -1.375100464297277503e-01 -4.618333847119343027e-01
1.050000000000000044e+00 -1.314448426176090534e-01 -7.927658075787260561e-01
1.059999999999999831e+00 -1.216547302781532391e-01 -1.123304433516535195e+00
1.069999999999999840e+00 -1.089787539472783645e-01 -1.303331953900246587e+00
1.080000000000000071e+00 -9.558809120014831462e-02 -1.303825314966835069e+00
1.089999999999999858e+00 -8.290224764794167089e-02 -1.197086811291592889e+00
1.099999999999999867e+00 -7.164635497431645628e-02 -1.128339645573341654e+00
1.109999999999999876e+00 -6.033545473647483615e-02 -1.144150082205489971e+00
1.119999999999999885e+00 -4.876335333020666296e-02 -1.156275273188316355e+00
1.129999999999999893e+00 -3.720994927270851460e-02 -1.086517400481529227e+00
1.139999999999999902e+00 -2.703300532057607494e-02 -9.120048592862276537e-01
1.149999999999999911e+00 -1.896985208698396055e-02 -6.850483828941030806e-01
1.159999999999999920e+00 -1.333203766269401395e-02 -7.748026237763334656e-01
1.169999999999999929e+00 -3.473799611457295457e-03 -6.425114702000283007e-01
1.179999999999999938e+00 -4.818082586934471084e-04 -1.716415290138025573e-01
1.189999999999999947e+00 -4.096903118124441536e-05 -2.409041293467235542e-02
1.199999999999999956e+00 0.000000000000000000e+00 -4.096903118124442349e-03
