0.000000000000000000e+00 1.005457040000000052e+04 1.672763200000000361e+05
1.000000200000000089e-02 8.501385920000000624e+03 1.433556946666667063e+05
1.999999800000000147e-02 7.187442560000001322e+03 1.212746346666666941e+05
2.999999999999999889e-02 6.075921119999999974e+03 1.025888906666666880e+05
4.000000199999999978e-02 5.135650800000000345e+03 8.677685733333334792e+04
4.999999799999999689e-02 4.340356080000000475e+03 7.339782000000002154e+04
5.999999999999999778e-02 3.667711136000000806e+03 6.207710146666667424e+04
7.000000199999999173e-02 3.098825208000000202e+03 5.249853080000000773e+04
7.999999800000000272e-02 2.617740520000000288e+03 4.439433200000000943e+04
8.999999999999999667e-02 2.210938568000000487e+03 3.753787173333334067e+04
1.000000019999999906e-01 1.866984480000000076e+03 3.173724386666667488e+04
1.099999979999999877e-01 1.576196480000000065e+03 2.683017893333333996e+04
1.199999999999999956e-01 1.330382296000000224e+03 2.267923253333333560e+04
1.300000020000000034e-01 1.122609040000000050e+03 1.916808946666667180e+04
1.399999979999999866e-01 9.470191120000000637e+02 1.619828626666667151e+04
1.499999999999999944e-01 7.986461040000000366e+02 1.368663106666666863e+04
1.600000020000000023e-01 6.732892800000000761e+02 1.156248400000000220e+04
1.699999979999999855e-01 5.673964240000000245e+02 9.766362533333334795e+03
1.799999999999999933e-01 4.779592400000000225e+02 8.247570533333335334e+03
1.900000019999999734e-01 4.024430608000000120e+02 6.963549746666667488e+03
1.999999979999999844e-01 3.386901976000000332e+02 5.878066733333334923e+03
2.099999999999999922e-01 2.848818656000000260e+02 4.960543426666667983e+03
2.200000019999999723e-01 2.394791896000000406e+02 4.185087840000001052e+03
2.299999980000000110e-01 2.011801088000000277e+02 3.529789760000001024e+03
2.399999999999999911e-01 1.688833944000000145e+02 2.976114066666667441e+03
2.500000019999999989e-01 1.416576880000000074e+02 2.508384706666667171e+03
2.599999980000000099e-01 1.187159792000000209e+02 2.113324453333333622e+03
2.700000000000000178e-01 9.939133840000000930e+01 1.779706240000000207e+03
2.800000019999999701e-01 8.312185440000000369e+01 1.498046333333333678e+03
2.899999979999999811e-01 6.943055120000001068e+01 1.260297506666666777e+03
2.999999999999999889e-01 5.791576480000000515e+01 1.059667733333333445e+03
3.100000019999999967e-01 4.823691760000000528e+01 8.904109866666668722e+02
3.199999980000000077e-01 4.010740559999999988e+01 7.476668533333335063e+02
3.300000000000000155e-01 3.328376184000000393e+01 6.273196720000000823e+02
3.400000020000000234e-01 2.756101216000000420e+01 5.258925386666668373e+02
3.499999979999999788e-01 2.276589712000000176e+01 4.404454960000001051e+02
3.599999999999999867e-01 1.875210224000000281e+01 5.281498066666667910e+02
3.700000019999999945e-01 1.220288704000000202e+01 5.684333586666667770e+02
3.799999980000000055e-01 7.383421120000000393e+00 3.022361213333333581e+02
3.900000000000000133e-01 6.158178560000001411e+00 1.822410933333333389e+02
4.000000020000000212e-01 3.738604832000000489e+00 1.391598400000000311e+02
4.099999979999999766e-01 3.374985944000000071e+00 3.636188880000000268e+01
4.199999999999999845e-01 3.011367056000000098e+00 3.407345000000000823e+01
4.300000019999999368e-01 2.693516944000000191e+00 3.389423533333334149e+01
4.399999980000000033e-01 2.333483744000000470e+00 3.508500173333334260e+01
4.499999999999999556e-01 1.991818304000000150e+00 3.230278120000000541e+01
4.600000019999999634e-01 1.687428120000000309e+00 2.872901760000000593e+01
4.699999980000000299e-01 1.417237952000000245e+00 2.576346813333334040e+01
4.799999999999999822e-01 1.172160152000000233e+00 2.357014560000000714e+01
4.900000019999999901e-01 9.458350400000001823e-01 2.176147213333333852e+01
4.999999979999999455e-01 7.369321040000000878e-01 2.005705000000000382e+01
5.100000000000000089e-01 5.446940399999999904e-01 1.845102160000000424e+01
5.200000019999999612e-01 3.679091616000000342e-01 1.694338693333333623e+01
5.299999979999999722e-01 2.058268592000000174e-01 1.549872146666666950e+01
5.400000000000000355e-01 5.793459280000001071e-02 1.409185146666666988e+01
5.500000019999999878e-01 -7.601072800000001350e-02 1.271768640000000339e+01
5.599999979999999988e-01 -1.964187168000000039e-01 1.139777386666666814e+01
5.699999999999999512e-01 -3.039663448000000101e-01 1.015226680000000137e+01
5.800000019999999035e-01 -3.994640528000000246e-01 8.990509466666667393e+00
5.899999980000000255e-01 -4.837750000000000661e-01 7.897788133333334848e+00
5.999999999999999778e-01 -5.574217680000000952e-01 6.843141200000001589e+00
6.100000019999999301e-01 -6.206378240000001156e-01 5.812119920000001549e+00
6.199999980000000521e-01 -6.736616560000000531e-01 4.831599520000001036e+00
6.300000000000000044e-01 -7.172714880000000681e-01 3.935609866666667234e+00
6.400000019999999568e-01 -7.523752480000001075e-01 3.103349506666667423e+00
6.499999980000000788e-01 -7.793369440000000870e-01 2.293522360000000315e+00
6.600000000000000311e-01 -7.982444400000001661e-01 1.531553200000000281e+00
6.700000019999999834e-01 -8.099680080000001281e-01 8.797208666666668231e-01
6.799999979999998834e-01 -8.158381600000000899e-01 3.493172786666667307e-01
6.899999999999999467e-01 -8.169552880000000572e-01 -1.160118600000000361e-01
7.000000019999998990e-01 -8.135202240000001250e-01 -5.928267760000001108e-01
7.099999979999999100e-01 -8.050978320000001798e-01 -1.128543346666667002e+00
7.199999999999999734e-01 -7.909475440000001134e-01 -1.698899253333333581e+00
7.300000019999999257e-01 -7.711195680000001440e-01 -2.193190040000000174e+00
7.399999979999999367e-01 -7.470866720000001182e-01 -2.499730800000000475e+00
7.500000000000000000e-01 -7.211249520000000413e-01 -2.596681053333333988e+00
7.600000019999999523e-01 -6.951506800000001318e-01 -2.562344360000000432e+00
7.699999979999999633e-01 -6.698793200000001669e-01 -2.511704013333333929e+00
7.800000000000000266e-01 -6.449175760000001034e-01 -2.523321586666666949e+00
7.900000019999999790e-01 -6.194119120000000089e-01 -2.623005386666667160e+00
7.999999979999999900e-01 -5.924585840000000658e-01 -2.780853760000000285e+00
8.100000000000000533e-01 -5.637940000000000174e-01 -2.926812600000000320e+00
8.200000020000000056e-01 -5.339202400000000459e-01 -3.016259546666667291e+00
8.299999979999999056e-01 -5.034690880000000091e-01 -3.036928506666667360e+00
8.399999999999999689e-01 -4.731811120000000703e-01 -2.993003480000000494e+00
8.500000019999999212e-01 -4.436127840000000377e-01 -2.903988880000000439e+00
8.599999979999999322e-01 -4.151021712000000918e-01 -2.800002533333333599e+00
8.699999999999999956e-01 -3.876107808000000543e-01 -2.702759400000000589e+00
8.800000019999999479e-01 -3.610469832000000601e-01 -2.618263520000000621e+00
8.899999979999999589e-01 -3.352455104000000019e-01 -2.544959840000000639e+00
8.999999999999999112e-01 -3.101477864000000695e-01 -2.465394106666667362e+00
9.100000019999999745e-01 -2.859374888000000281e-01 -2.356205653333333760e+00
9.199999979999999855e-01 -2.630238128000000342e-01 -2.224897786666667265e+00
9.299999999999999378e-01 -2.414398120000000314e-01 -2.106030346666666997e+00
9.400000020000000012e-01 -2.209030664000000144e-01 -2.019428520000000393e+00
9.499999980000000122e-01 -2.010512416000000135e-01 -1.958718680000000489e+00
9.599999999999999645e-01 -1.817286928000000357e-01 -1.897771746666667037e+00
9.700000020000000278e-01 -1.630956672000000163e-01 -1.810563240000000462e+00
9.799999979999999278e-01 -1.455174280000000320e-01 -1.683411480000000404e+00
9.899999999999998801e-01 -1.294274376000000004e-01 -1.518917520000000243e+00
1.000000001999999943e+00 -1.151390776000000143e-01 -1.332520320000000202e+00
1.009999997999999843e+00 -1.027770312000000075e-01 -1.144038093333333617e+00
1.020000000000000018e+00 -9.225845520000001965e-02 -9.736446933333334774e-01
1.030000001999999970e+00 -8.330427680000000723e-02 -8.376437733333336189e-01
1.039999997999999870e+00 -7.550530080000000810e-02 -7.432527333333334152e-01
1.050000000000000044e+00 -6.843894320000000475e-02 -6.853078200000001230e-01
1.060000001999999997e+00 -6.179935360000000932e-02 -6.499913733333334553e-01
1.069999997999999897e+00 -5.543925520000000939e-02 -6.206315480000000884e-01
1.080000000000000071e+00 -4.938668080000000599e-02 -5.838172293333334650e-01
1.090000002000000023e+00 -4.376296640000000571e-02 -5.345931666666667859e-01
1.099999997999999923e+00 -3.869476168000000188e-02 -4.772849186666667798e-01
1.110000000000000098e+00 -3.421725408000000218e-02 -4.203504413333334355e-01
1.120000002000000050e+00 -3.028776680000000096e-02 -3.712742133333334360e-01
1.129999997999999950e+00 -2.679178376000000347e-02 -3.366439426666667512e-01
1.139999999999999902e+00 -2.355487400000000342e-02 -3.233834520000000712e-01
1.150000001999999855e+00 -2.032411472000000482e-02 -3.350596013333334011e-01
1.159999997999999977e+00 -1.685369592000000166e-02 -8.813177600000001721e-01
1.169999999999999929e+00 -2.697780440000000293e-03 -8.290247333333334856e-01
1.180000001999999881e+00 -2.732536928000000340e-04 -1.335567666666666875e-01
1.189999998000000003e+00 -2.664203840000000382e-05 -1.366264280000000289e-02
1.199999999999999956e+00 0.000000000000000000e+00 8.334388533333335694e-03
