0.000000000000000000e+00 2.166758193062265150e+02 5.965968153401109930e+02
1.000000000000000021e-02 2.107098511528253937e+02 5.965968153401086056e+02
2.000000000000000042e-02 2.047438829994243292e+02 5.965968153401074687e+02
2.999999999999999889e-02 1.987779148460232364e+02 5.965968153401086056e+02
4.000000000000000083e-02 1.928119466926221719e+02 5.965968153401098562e+02
4.999999999999999584e-02 1.868459785392210506e+02 5.965968153401098562e+02
5.999999999999999778e-02 1.808800103858199577e+02 5.965968153401098562e+02
6.999999999999999278e-02 1.749140422324188648e+02 5.965968153401086056e+02
8.000000000000000167e-02 1.689480740790178004e+02 5.965968153401086056e+02
8.999999999999999667e-02 1.629821059256166791e+02 5.965968153401086056e+02
9.999999999999999167e-02 1.570161377722156146e+02 5.965968153401086056e+02
1.099999999999999867e-01 1.510501696188145218e+02 5.965968153401109930e+02
1.199999999999999956e-01 1.450842014654134005e+02 5.965968153401098562e+02
1.300000000000000044e-01 1.391182333120123076e+02 5.965968153401086056e+02
1.399999999999999856e-01 1.331522651586112431e+02 5.965968153401086056e+02
1.499999999999999944e-01 1.271862970052101502e+02 5.965968153401086056e+02
1.600000000000000033e-01 1.212203288518090574e+02 5.965968153401086056e+02
1.699999999999999845e-01 1.152543606984079787e+02 5.965968153401086056e+02
1.799999999999999933e-01 1.092883925450068858e+02 5.965968153401098562e+02
1.899999999999999745e-01 1.033224243916057787e+02 5.965968153401098562e+02
1.999999999999999833e-01 9.735645623820468586e+01 5.965968153401086056e+02
2.099999999999999922e-01 9.139048808480360719e+01 5.965968153401092877e+02
2.199999999999999734e-01 8.542451993140250011e+01 5.965968153401092877e+02
2.299999999999999822e-01 7.945855177800142144e+01 5.965968153401098562e+02
2.399999999999999911e-01 7.349258362460031435e+01 5.965968153401098562e+02
2.500000000000000000e-01 6.752661547119922147e+01 5.965968153401092877e+02
2.600000000000000089e-01 6.156064731779812860e+01 5.965968153401092877e+02
2.700000000000000178e-01 5.559467916439704283e+01 5.965968153401086056e+02
2.799999999999999711e-01 4.962871101099595705e+01 5.965968153401092877e+02
2.899999999999999800e-01 4.366274285759485707e+01 5.965968153401092877e+02
2.999999999999999889e-01 3.769677470419377130e+01 5.965968153401081508e+02
3.099999999999999423e-01 3.173080655079269619e+01 5.965968153401091740e+02
3.200000000000000067e-01 2.576483839739158910e+01 4.797540784150962736e+02
3.300000000000000155e-01 2.213572498249077114e+01 3.128607991811559259e+02
3.399999999999999689e-01 1.950762241376846973e+01 2.780419606649510342e+02
3.500000000000000333e-01 1.657488576919175216e+01 2.888149346429156026e+02
3.599999999999999867e-01 1.373132372091015974e+01 2.704679040011456550e+02
3.699999999999999956e-01 1.116552768916883842e+01 2.405772508955081150e+02
3.799999999999999489e-01 8.919778702999996867e+00 2.067796338931547666e+02
3.900000000000000133e-01 7.029935011305743942e+00 1.732713600518983981e+02
3.999999999999999667e-01 5.454351501962030113e+00 1.429493772924368216e+02
4.099999999999999756e-01 4.170947465457007119e+00 1.163005245173091566e+02
4.199999999999999845e-01 3.128341011615847211e+00 9.476972507099108611e+01
4.299999999999999933e-01 2.275552964037185877e+00 8.007533924927932389e+01
4.399999999999999467e-01 1.526834226630260583e+00 7.170827196779997337e+01
4.499999999999999556e-01 8.413875246811866049e-01 6.566014848238303614e+01
4.599999999999999645e-01 2.136312569825998264e-01 5.828332209939077302e+01
4.699999999999999734e-01 -3.242789173066285557e-01 4.843019705569670208e+01
4.799999999999999822e-01 -7.549726841313341152e-01 3.670876847829566003e+01
4.899999999999999911e-01 -1.058454286872541728e+00 2.438605812231648429e+01
5.000000000000000000e-01 -1.242693846577663797e+00 1.279250205557681141e+01
5.100000000000000089e-01 -1.314304327984078036e+00 2.870345735257031627e+00
5.200000000000000178e-01 -1.300100761282804385e+00 -4.507188288511158270e+00
5.299999999999999156e-01 -1.224160562213854719e+00 -9.197525832764046783e+00
5.400000000000000355e-01 -1.116150244627523547e+00 -1.181284342324526015e+01
5.499999999999999334e-01 -9.879036937489495962e-01 -1.325539429305198169e+01
5.599999999999999423e-01 -8.510423587664838196e-01 -1.386433137698138829e+01
5.699999999999999512e-01 -7.106170662093219681e-01 -1.319570026039821009e+01
5.799999999999999600e-01 -5.871283535585196667e-01 -1.110754568549631038e+01
5.899999999999999689e-01 -4.884661524993957893e-01 -8.851531488047198692e+00
5.999999999999999778e-01 -4.100977237975756418e-01 -7.220788487145715528e+00
6.099999999999999867e-01 -3.440503827564814765e-01 -5.713235176125537329e+00
6.199999999999998845e-01 -2.958330202750649174e-01 -3.921073046378257931e+00
6.300000000000000044e-01 -2.656289218289162868e-01 -2.299143743910779580e+00
6.400000000000000133e-01 -2.498501453968493546e-01 -9.709612495781927421e-01
6.499999999999999112e-01 -2.462096968373524430e-01 2.288965950406812999e-01
6.600000000000000311e-01 -2.544280772976629801e-01 1.308037950022587603e+00
6.700000000000000400e-01 -2.723704558378042262e-01 2.049219250602411169e+00
6.799999999999999378e-01 -2.954124623097111879e-01 2.264187776961881227e+00
6.899999999999999467e-01 -3.176542113770418063e-01 2.271227726836417826e+00
7.000000000000000666e-01 -3.408370168464395222e-01 2.502761738149726689e+00
7.099999999999999645e-01 -3.677094461400363667e-01 3.071830621867770450e+00
7.199999999999999734e-01 -4.022736292837949534e-01 3.908041297509228684e+00
7.299999999999998712e-01 -4.458702720902208982e-01 4.613314421776177454e+00
7.399999999999999911e-01 -4.945399177193184892e-01 4.776137156698101016e+00
7.500000000000000000e-01 -5.413930152241829274e-01 4.468768383165865998e+00
7.599999999999998979e-01 -5.839152853826358180e-01 3.880818224507912362e+00
7.699999999999999067e-01 -6.190093797143411125e-01 2.992307731283272432e+00
7.800000000000000266e-01 -6.437614400083012667e-01 1.932868101472126066e+00
7.899999999999999245e-01 -6.576667417437837004e-01 1.054995554994087703e+00
7.999999999999999334e-01 -6.648613511081830074e-01 4.765560075755679303e-01
8.100000000000000533e-01 -6.671978618952950635e-01 -1.006443498698218059e-01
8.199999999999999512e-01 -6.628484641107865727e-01 -8.397615353170757579e-01
8.299999999999999600e-01 -6.504026311889534728e-01 -1.638071729558173040e+00
8.399999999999999689e-01 -6.300870295196231430e-01 -2.440359643157968605e+00
8.499999999999999778e-01 -6.015954383257940963e-01 -3.260115906133850050e+00
8.599999999999999867e-01 -5.648847113969460709e-01 -4.006032060494845837e+00
8.699999999999999956e-01 -5.214747971158972817e-01 -4.610734689548139364e+00
8.799999999999998934e-01 -4.726700176059833169e-01 -5.130589923858053680e+00
8.900000000000000133e-01 -4.188629986387361614e-01 -5.473234902979495331e+00
8.999999999999999112e-01 -3.632053195463934570e-01 -5.506519802713767398e+00
9.099999999999999201e-01 -3.087326025844608357e-01 -5.274817178671935558e+00
9.199999999999999289e-01 -2.577089759729547236e-01 -4.878316436193688155e+00
9.299999999999999378e-01 -2.111662738605870615e-01 -4.372412749362205808e+00
9.399999999999999467e-01 -1.702607209857106285e-01 -3.867723645785536402e+00
9.499999999999999556e-01 -1.338118009448763246e-01 -3.475353014853647338e+00
9.599999999999999645e-01 -1.007536606886376834e-01 -3.167948704293252593e+00
9.699999999999999734e-01 -7.045282685901128883e-02 -2.817072495308984958e+00
9.799999999999999822e-01 -4.441221078245798787e-02 -2.394485924252903963e+00
9.899999999999998801e-01 -2.256310837395321053e-02 -1.971899096691464237e+00
1.000000000000000000e+00 -4.974228848628708781e-03 -1.546003884103107184e+00
1.010000000000000009e+00 8.356969308108929545e-03 -1.117539812731306537e+00
1.020000000000000018e+00 1.737656740599742219e-02 -6.750405887600497978e-01
1.029999999999999805e+00 2.185778108330992467e-02 -2.751031959578826291e-01
1.040000000000000036e+00 2.287863132515507297e-02 -9.224230430094366301e-03
1.050000000000000044e+00 2.204226569191181095e-02 9.489955710558335700e-02
1.059999999999999831e+00 2.098064018304340514e-02 1.001918693616012379e-01
1.069999999999999840e+00 2.003842830467978536e-02 7.423618753172955831e-02
1.080000000000000071e+00 1.949591643240881564e-02 8.564730487938208847e-02
1.089999999999999858e+00 1.832548220709214609e-02 1.836891855421273478e-01
1.099999999999999867e+00 1.582213272156626771e-02 3.287188736863259075e-01
1.109999999999999876e+00 1.175110473336562697e-02 4.401761746647256945e-01
1.119999999999999885e+00 7.018609228271755103e-03 4.780441252581696387e-01
1.129999999999999893e+00 2.190222228202235236e-03 4.441136928138059159e-01
1.139999999999999902e+00 -1.863664628004361307e-03 3.598308106532089878e-01
1.149999999999999911e+00 -5.006393984861945076e-03 2.580449192980890927e-01
1.159999999999999920e+00 -7.024563013966142640e-03 -1.053709547851798128e-01
1.169999999999999929e+00 -2.898974889158348420e-03 -3.231026804844888134e-01
1.179999999999999938e+00 -5.625094042763668228e-04 -1.418228201897617780e-01
1.189999999999999947e+00 -6.251848536311315841e-05 -2.812547021381834461e-02
1.199999999999999956e+00 0.000000000000000000e+00 -6.251848536311317359e-03
