0.000000000000000000e+00 1.772408744756038459e+02 4.617244508269043308e+02
1.000000000000000021e-02 1.726236299673347787e+02 4.617244508269020002e+02
2.000000000000000042e-02 1.680063854590657968e+02 4.617244508269020002e+02
2.999999999999999889e-02 1.633891409507967580e+02 4.617244508269020002e+02
4.000000000000000083e-02 1.587718964425277477e+02 4.617244508269020002e+02
4.999999999999999584e-02 1.541546519342587089e+02 4.617244508269020002e+02
5.999999999999999778e-02 1.495374074259897270e+02 4.617244508269020002e+02
6.999999999999999278e-02 1.449201629177206883e+02 4.617244508269020002e+02
8.000000000000000167e-02 1.403029184094516779e+02 4.617244508269020002e+02
8.999999999999999667e-02 1.356856739011826392e+02 4.617244508269031940e+02
9.999999999999999167e-02 1.310684293929136288e+02 4.617244508269020002e+02
1.099999999999999867e-01 1.264511848846446043e+02 4.617244508269031940e+02
1.199999999999999956e-01 1.218339403763755513e+02 4.617244508269020002e+02
1.300000000000000044e-01 1.172166958681065552e+02 4.617244508269020002e+02
1.399999999999999856e-01 1.125994513598375164e+02 4.617244508269031940e+02
1.499999999999999944e-01 1.079822068515684919e+02 4.617244508269020002e+02
1.600000000000000033e-01 1.033649623432994815e+02 4.617244508269020002e+02
1.699999999999999845e-01 9.874771783503045697e+01 4.617244508269020002e+02
1.799999999999999933e-01 9.413047332676143242e+01 4.617244508269020002e+02
1.899999999999999745e-01 8.951322881849242208e+01 4.617244508269020002e+02
1.999999999999999833e-01 8.489598431022339753e+01 4.617244508269020002e+02
2.099999999999999922e-01 8.027873980195438719e+01 4.617244508269020002e+02
2.199999999999999734e-01 7.566149529368536264e+01 4.617244508269020002e+02
2.299999999999999822e-01 7.104425078541633809e+01 4.617244508269031940e+02
2.399999999999999911e-01 6.642700627714729933e+01 4.617244508269031940e+02
2.500000000000000000e-01 6.180976176887828188e+01 4.617244508269020002e+02
2.600000000000000089e-01 5.719251726060925733e+01 4.617244508269016592e+02
2.700000000000000178e-01 5.257527275234024700e+01 4.617244508269016592e+02
2.799999999999999711e-01 4.795802824407122955e+01 4.617244508269020002e+02
2.899999999999999800e-01 4.334078373580220500e+01 4.617244508269020002e+02
2.999999999999999889e-01 3.872353922753318756e+01 4.617244508269014318e+02
3.099999999999999423e-01 3.410629471926417722e+01 4.617244508269020002e+02
3.200000000000000067e-01 2.948905021099514911e+01 4.617244508269034782e+02
3.300000000000000155e-01 2.487180570272611035e+01 4.617244508269021139e+02
3.399999999999999689e-01 2.025456119445710712e+01 4.356177678237888244e+02
3.500000000000000333e-01 1.615945034625033472e+01 3.689810421319189686e+02
3.599999999999999867e-01 1.287494035181872754e+01 3.508762782007545979e+02
3.699999999999999956e-01 9.141924782235243185e+00 3.259392595903047436e+02
3.799999999999999489e-01 6.356155160012633587e+00 2.157853179819042566e+02
3.900000000000000133e-01 4.826218422597158941e+00 1.420966023842943002e+02
3.999999999999999667e-01 3.514223112326747334e+00 1.402739601295542116e+02
4.099999999999999756e-01 2.020739220006074977e+00 1.178273002214835969e+02
4.199999999999999845e-01 1.157677107897075341e+00 8.019532213801603859e+01
4.299999999999999933e-01 4.168327772457542379e-01 6.816419226118784991e+01
4.399999999999999467e-01 -2.056067373266816933e-01 5.708910526994348800e+01
4.499999999999999556e-01 -7.249493281531153022e-01 4.725599041880368389e+01
4.599999999999999645e-01 -1.150726545702755343e+00 3.838101009891629189e+01
4.699999999999999734e-01 -1.492569530131441002e+00 3.027876278146753464e+01
4.799999999999999822e-01 -1.756301801332105894e+00 2.303836047692439593e+01
4.899999999999999911e-01 -1.953336739669928823e+00 1.699299255334141989e+01
5.000000000000000000e-01 -2.096161652398934372e+00 1.219917635181712079e+01
5.100000000000000089e-01 -2.197320266706271230e+00 8.391500617599289669e+00
5.200000000000000178e-01 -2.263991664750919952e+00 5.226982333031752859e+00
5.299999999999999156e-01 -2.301859913366906429e+00 2.509433432419922561e+00
5.400000000000000355e-01 -2.314180333399318723e+00 2.673707949370602299e-01
5.499999999999999334e-01 -2.307207329265647644e+00 -1.407182848790764051e+00
5.599999999999999423e-01 -2.286036676423503167e+00 -2.610023951080180815e+00
5.699999999999999512e-01 -2.255006850244043903e+00 -3.423089733535906731e+00
5.799999999999999600e-01 -2.217574881752784943e+00 -3.976534100508383407e+00
5.899999999999999689e-01 -2.175476168233876351e+00 -4.501096308712358329e+00
5.999999999999999778e-01 -2.127552955578537741e+00 -5.157719305363622553e+00
6.099999999999999867e-01 -2.072321782126604006e+00 -5.965206679850382443e+00
6.199999999999998845e-01 -2.008248821981530430e+00 -6.806453026927266059e+00
6.300000000000000044e-01 -1.936192721588058552e+00 -7.442722056095123051e+00
6.400000000000000133e-01 -1.859394380859627827e+00 -7.727825224561337691e+00
6.499999999999999112e-01 -1.781636217096831842e+00 -7.695457972103715072e+00
6.600000000000000311e-01 -1.705485221417553543e+00 -7.452217425800417239e+00
6.700000000000000400e-01 -1.632591868580823391e+00 -7.123891545070204501e+00
6.799999999999999378e-01 -1.563007390516149453e+00 -6.839187658228909505e+00
6.899999999999999467e-01 -1.495808115416245254e+00 -6.655985875758928749e+00
7.000000000000000666e-01 -1.429887673000970860e+00 -6.538484163055591658e+00
7.099999999999999645e-01 -1.365038432155133430e+00 -6.420473927472463593e+00
7.199999999999999734e-01 -1.301478194451521686e+00 -6.241013818514974609e+00
7.299999999999998712e-01 -1.240218155784833964e+00 -5.976476666057715548e+00
7.399999999999999911e-01 -1.181948661130367340e+00 -5.654518242212437151e+00
7.500000000000000000e-01 -1.127127790940585239e+00 -5.341376455806952528e+00
7.599999999999998979e-01 -1.075121132014228209e+00 -5.064408521758833714e+00
7.699999999999999067e-01 -1.025839620505408556e+00 -4.771851035697955545e+00
7.800000000000000266e-01 -9.796841113002692225e-01 -4.428302109261352371e+00
7.899999999999999245e-01 -9.372735783201815440e-01 -4.085739404295167354e+00
7.999999999999999334e-01 -8.979693232143658443e-01 -3.818676932573698224e+00
8.100000000000000533e-01 -8.609000396687075396e-01 -3.633068512427822583e+00
8.199999999999999512e-01 -8.253079529658093882e-01 -3.482390806720490062e+00
8.299999999999999600e-01 -7.912522235342978050e-01 -3.351401946826087830e+00
8.399999999999999689e-01 -7.582799140292876272e-01 -3.230464097728085182e+00
8.499999999999999778e-01 -7.266429415797360791e-01 -3.091220566886506926e+00
8.599999999999999867e-01 -6.964555026915575375e-01 -2.935130842868761025e+00
8.699999999999999956e-01 -6.679403247223608675e-01 -2.811797821747697324e+00
8.799999999999998934e-01 -6.402195462566035999e-01 -2.763729391725326501e+00
8.900000000000000133e-01 -6.126657368878543064e-01 -2.775030552795821670e+00
8.999999999999999112e-01 -5.847189352006871843e-01 -2.812508808369173163e+00
9.099999999999999201e-01 -5.564155607204708254e-01 -2.859297024918745489e+00
9.199999999999999289e-01 -5.275329947023122967e-01 -2.911742153233908503e+00
9.299999999999999378e-01 -4.981807176557926931e-01 -2.949864530415969632e+00
9.399999999999999467e-01 -4.685357040939928663e-01 -2.936366226388809952e+00
9.499999999999999556e-01 -4.394533931280165118e-01 -2.857195876271563684e+00
9.599999999999999645e-01 -4.113917865685616237e-01 -2.742359902850792341e+00
9.699999999999999734e-01 -3.846061950710006894e-01 -2.617521557993720993e+00
9.799999999999999822e-01 -3.590413554086872017e-01 -2.488477741128909848e+00
9.899999999999998801e-01 -3.348366402484224680e-01 -2.351482149989196468e+00
1.000000000000000000e+00 -3.120117124089032967e-01 -2.228011162091826147e+00
1.010000000000000009e+00 -2.902764170065859628e-01 -2.153892791190355371e+00
1.020000000000000018e+00 -2.689338565850961649e-01 -2.147096023767219197e+00
1.029999999999999805e+00 -2.473344965312415933e-01 -2.180761535546833940e+00
1.040000000000000036e+00 -2.253186258741595172e-01 -2.204358517724428701e+00
1.050000000000000044e+00 -2.032473261767530071e-01 -2.173708339821698310e+00
1.059999999999999831e+00 -1.818444590777255343e-01 -2.074700578368716908e+00
1.069999999999999840e+00 -1.617533146093786678e-01 -1.924964737439534668e+00
1.080000000000000071e+00 -1.433451643289348487e-01 -1.764463045472520974e+00
1.089999999999999858e+00 -1.264640536999282749e-01 -1.629088802677976400e+00
1.099999999999999867e+00 -1.107633882753753241e-01 -1.531129777055808772e+00
1.109999999999999876e+00 -9.584145815881209285e-02 -1.456847151034902144e+00
1.119999999999999885e+00 -8.162644525467728507e-02 -1.383696056868915170e+00
1.129999999999999893e+00 -6.816753702143379945e-02 -1.302366259126303882e+00
1.139999999999999902e+00 -5.557912007215120437e-02 -1.214058068328515594e+00
1.149999999999999911e+00 -4.388637565486348119e-02 -1.121983771900174398e+00
1.159999999999999920e+00 -3.313944463414771752e-02 -1.709245152529080158e+00
1.169999999999999929e+00 -9.701472604281882392e-03 -1.601227106256494670e+00
1.179999999999999938e+00 -1.114902509017829920e-03 -4.809358960201033373e-01
1.189999999999999947e+00 -8.275468387981698055e-05 -5.574512545089149729e-02
1.199999999999999956e+00 0.000000000000000000e+00 -8.275468387981698218e-03
