0.000000000000000000e+00 9.702770743838144085e+01 2.973725822994430246e+02
1.000000000000000021e-02 9.405398161538700208e+01 2.973725822994435930e+02
2.000000000000000042e-02 9.108025579239256331e+01 2.973725822994435930e+02
2.999999999999999889e-02 8.810652996939813875e+01 2.973725822994430246e+02
4.000000000000000083e-02 8.513280414640369997e+01 2.973725822994430246e+02
4.999999999999999584e-02 8.215907832340927541e+01 2.973725822994435930e+02
5.999999999999999778e-02 7.918535250041483664e+01 2.973725822994442183e+02
6.999999999999999278e-02 7.621162667742039787e+01 2.973725822994430246e+02
8.000000000000000167e-02 7.323790085442597331e+01 2.973725822994430246e+02
8.999999999999999667e-02 7.026417503143153453e+01 2.973725822994435930e+02
9.999999999999999167e-02 6.729044920843710997e+01 2.973725822994435930e+02
1.099999999999999867e-01 6.431672338544265699e+01 2.973725822994435930e+02
1.199999999999999956e-01 6.134299756244823243e+01 2.973725822994435930e+02
1.300000000000000044e-01 5.836927173945379366e+01 2.973725822994435930e+02
1.399999999999999856e-01 5.539554591645936199e+01 2.973725822994430246e+02
1.499999999999999944e-01 5.242182009346493032e+01 2.973725822994433088e+02
1.600000000000000033e-01 4.944809427047049155e+01 2.973725822994433088e+02
1.699999999999999845e-01 4.647436844747606699e+01 2.973725822994433088e+02
1.799999999999999933e-01 4.350064262448162822e+01 2.973725822994433088e+02
1.899999999999999745e-01 4.052691680148719655e+01 2.973725822994433088e+02
1.999999999999999833e-01 3.755319097849276488e+01 2.973725822994435930e+02
2.099999999999999922e-01 3.457946515549832611e+01 2.973725822994433088e+02
2.199999999999999734e-01 3.160573933250389800e+01 2.973725822994430246e+02
2.299999999999999822e-01 2.863201350950946988e+01 2.973725822994437635e+02
2.399999999999999911e-01 2.565828768651502401e+01 2.973725822994439341e+02
2.500000000000000000e-01 2.268456186352059234e+01 2.973725822994434225e+02
2.600000000000000089e-01 1.971083604052615357e+01 2.973725822994433088e+02
2.700000000000000178e-01 1.673711021753172545e+01 2.973725822994433088e+02
2.799999999999999711e-01 1.376338439453729023e+01 2.973725822994434225e+02
2.899999999999999800e-01 1.078965857154285679e+01 2.973725822994433088e+02
2.999999999999999889e-01 7.815932748548424236e+00 2.973725822994427972e+02
3.099999999999999423e-01 4.842206925554000563e+00 2.357956969185524088e+02
3.200000000000000067e-01 3.100018810177376682e+00 1.459931922738564936e+02
3.300000000000000155e-01 1.922343080076871047e+00 1.003314951624337255e+02
3.399999999999999689e-01 1.093388906928702164e+00 7.357523045999100475e+01
3.500000000000000333e-01 4.508384708770511451e-01 5.711556749264693167e+01
3.599999999999999867e-01 -4.892244292423636454e-02 4.520775439717655075e+01
3.699999999999999956e-01 -4.533166170664797434e-01 3.757482160525380976e+01
3.799999999999999489e-01 -8.004188750293124155e-01 3.263780664267150655e+01
3.900000000000000133e-01 -1.106072749919909892e+00 2.873304973282613872e+01
3.999999999999999667e-01 -1.375079869685835066e+00 2.333536133105216592e+01
4.099999999999999756e-01 -1.572779976540953362e+00 1.743367577231921217e+01
4.199999999999999845e-01 -1.723753385132219318e+00 1.150554351846025192e+01
4.299999999999999933e-01 -1.802890846910158329e+00 4.583898006464734109e+00
4.399999999999999467e-01 -1.815431345261514062e+00 -1.772803445011930101e+00
4.499999999999999556e-01 -1.767434778009919771e+00 -7.501567539885930280e+00
4.599999999999999645e-01 -1.665399994463795386e+00 -1.241838490863411160e+01
4.699999999999999734e-01 -1.519067079837237433e+00 -1.588238550575775854e+01
4.799999999999999822e-01 -1.347752284348640250e+00 -1.711642027956143153e+01
4.899999999999999911e-01 -1.176738674246009086e+00 -1.662865041185439097e+01
5.000000000000000000e-01 -1.015179276111552564e+00 -1.614601472740794819e+01
5.100000000000000089e-01 -8.538183796978500162e-01 -1.513580207751520490e+01
5.200000000000000178e-01 -7.124632345612484929e-01 -1.374780386628760098e+01
5.299999999999999156e-01 -5.788623023720981253e-01 -1.252730906899679120e+01
5.400000000000000355e-01 -4.619170531813126535e-01 -1.109320158823149249e+01
5.499999999999999334e-01 -3.569982706074682488e-01 -9.715865581809701723e+00
5.599999999999999423e-01 -2.675997415451186745e-01 -8.230672790615825463e+00
5.699999999999999512e-01 -1.923848147951517651e-01 -6.734895353765603332e+00
5.799999999999999600e-01 -1.329018344698066345e-01 -5.296998480879117288e+00
5.899999999999999689e-01 -8.644484517756945152e-02 -4.248213267192905818e+00
5.999999999999999778e-01 -4.793756912594852176e-02 -3.156866799667137347e+00
6.099999999999999867e-01 -2.330750918422671084e-02 -1.558708237726255108e+00
6.199999999999998845e-01 -1.676340437142342238e-02 1.201299565049515489e-01
6.300000000000000044e-01 -2.571010831432574140e-02 1.334656845400009173e+00
6.400000000000000133e-01 -4.345654127942359668e-02 1.912721837741325093e+00
6.499999999999999112e-01 -6.396454506915223714e-02 1.989112060568724916e+00
6.600000000000000311e-01 -8.323878249079809388e-02 1.929131780794680173e+00
6.700000000000000400e-01 -1.025471806850458412e-01 1.472386477311051989e+00
6.799999999999999378e-01 -1.126865120370191264e-01 3.180332143321589200e-01
6.899999999999999467e-01 -1.089078449716890246e-01 -8.229810407981162923e-01
7.000000000000000666e-01 -9.622689122105680670e-02 -1.704621229634540880e+00
7.099999999999999645e-01 -7.481542037899820141e-02 -2.203599590764397043e+00
7.199999999999999734e-01 -5.215489940576886752e-02 -2.369095047603904547e+00
7.299999999999998712e-01 -2.743351942692011727e-02 -2.400428129972695945e+00
7.399999999999999911e-01 -4.146336806314951037e-03 -2.180258994674790340e+00
7.500000000000000000e-01 1.617166046657568870e-02 -1.632320472657505572e+00
7.599999999999998979e-01 2.850007264683515618e-02 -9.726438016039969936e-01
7.699999999999999067e-01 3.562453649865562899e-02 -4.696411277076767976e-01
7.800000000000000266e-01 3.789289520098868685e-02 7.703575500724742231e-02
7.899999999999999245e-01 3.408382139851067610e-02 6.933524370302049933e-01
7.999999999999999334e-01 2.402584646038459157e-02 1.080913851004246418e+00
8.100000000000000533e-01 1.246554437842575282e-02 1.494893308290133227e+00
8.199999999999999512e-01 -5.872019705418065130e-03 1.680092935415922417e+00
8.299999999999999600e-01 -2.113631432989269282e-02 1.538405552983999725e+00
8.399999999999999689e-01 -3.664013076509805428e-02 1.308272791983696948e+00
8.499999999999999778e-01 -4.730177016956662456e-02 8.308699941891263263e-01
8.599999999999999867e-01 -5.325753064888057858e-02 2.470641664091895728e-01
8.699999999999999956e-01 -5.224305349775041490e-02 -2.552716004927180204e-01
8.799999999999998934e-01 -4.815209863902621817e-02 -5.444551769513227280e-01
8.900000000000000133e-01 -4.135394995872396229e-02 -8.166390480123075779e-01
8.999999999999999112e-01 -3.181931767878007355e-02 -1.004860235388976175e+00
9.099999999999999201e-01 -2.125674525094444281e-02 -1.087607062802641744e+00
9.199999999999999289e-01 -1.006717642272723576e-02 -1.089243415860447151e+00
9.299999999999999378e-01 5.281230662644982544e-04 -9.654813216392948982e-01
9.399999999999999467e-01 9.242450010058661514e-03 -8.615807590431706631e-01
9.499999999999999556e-01 1.775973824712790902e-02 -8.430251417900952449e-01
9.599999999999999645e-01 2.610295284586056086e-02 -7.884246365619612673e-01
9.699999999999999734e-01 3.352823097836713645e-02 -7.176370839280501457e-01
9.799999999999999822e-01 4.045569452442156211e-02 -5.960859976607787436e-01
9.899999999999998801e-01 4.544995093158270966e-02 -4.429678643603586763e-01
1.000000000000000000e+00 4.931505181162873508e-02 -2.746435416196900126e-01
1.010000000000000009e+00 5.094282176397650630e-02 -8.971501007152297980e-02
1.020000000000000018e+00 5.110935201305919634e-02 8.347653995204200317e-02
1.029999999999999805e+00 4.927329096493567040e-02 2.449296777068148134e-01
1.040000000000000036e+00 4.621075845892289730e-02 3.815757537460671700e-01
1.050000000000000044e+00 4.164177589001432506e-02 5.031123288014524020e-01
1.059999999999999831e+00 3.614851188289385647e-02 5.615070456220594419e-01
1.069999999999999840e+00 3.041163497757313691e-02 5.443475313212365885e-01
1.080000000000000071e+00 2.526156125646912554e-02 4.938969129625804810e-01
1.089999999999999858e+00 2.053369671832152785e-02 4.015423349659130170e-01
1.099999999999999867e+00 1.723071455715086478e-02 2.773691147672810442e-01
1.109999999999999876e+00 1.498631442297590662e-02 1.768372628043990147e-01
1.119999999999999885e+00 1.369396930106288497e-02 9.114357090901056835e-02
1.129999999999999893e+00 1.316344300479569719e-02 3.319437973248050289e-02
1.139999999999999902e+00 1.303008170641327401e-02 2.263499198070665838e-02
1.149999999999999911e+00 1.271074316518156291e-02 6.735091537866233491e-02
1.159999999999999920e+00 1.168306339884002745e-02 4.226034202114432592e-01
1.169999999999999929e+00 4.258674760952698042e-03 5.546773190816713939e-01
1.179999999999999938e+00 5.895170172066004164e-04 2.102380819939499712e-01
1.189999999999999947e+00 5.391312107369834587e-05 2.947585086033002039e-02
1.199999999999999956e+00 0.000000000000000000e+00 5.391312107369834912e-03
