0.000000000000000000e+00 3.823652491438984725e+03 6.041430112110194750e+04
1.000000200000000089e-02 3.219509480227616223e+03 5.570841314693012100e+04
1.999999800000000147e-02 2.709484228499824439e+03 4.702455702506483794e+04
2.999999999999999889e-02 2.279018339728272167e+03 3.968435340162755892e+04
4.000000199999999978e-02 1.915797160467552203e+03 3.348068577922110126e+04
4.999999799999999689e-02 1.609404624140224314e+03 2.823830109317617826e+04
5.999999999999999778e-02 1.351031138604168291e+03 2.380891271410306217e+04
7.000000199999999173e-02 1.133226369859976103e+03 2.006705565904252217e+04
7.999999800000000272e-02 9.496900254237360741e+02 1.690657849907216223e+04
8.999999999999999667e-02 7.950947998776960048e+02 1.423767418726276264e+04
1.000000019999999906e-01 6.649365416797360240e+02 1.198436704362949604e+04
1.099999979999999877e-01 5.554074590056640091e+02 1.008238584201588310e+04
1.199999999999999956e-01 4.632888248390000285e+02 8.477363700459241954e+03
1.300000020000000034e-01 3.858601849952240741e+02 7.123314582079121465e+03
1.399999979999999866e-01 3.208225331957440289e+02 5.981343920974200955e+03
1.499999999999999944e-01 2.662333065778320247e+02 5.018557411271121055e+03
1.600000020000000023e-01 2.204513849686480285e+02 4.207137520216174380e+03
1.699999979999999855e-01 1.820905561736480252e+02 3.523561960230893874e+03
1.799999999999999933e-01 1.499801457666800104e+02 2.947942311738067019e+03
1.900000019999999734e-01 1.231317099395840131e+02 2.463464337647506909e+03
1.999999979999999844e-01 1.007108590110800179e+02 2.055914365399587041e+03
2.099999999999999922e-01 8.201342263061600590e+01 2.412101299936720352e+03
2.200000019999999723e-01 5.246883301485600271e+01 2.543713049317000696e+03
2.299999980000000110e-01 3.113916164218400340e+01 1.169995702058226925e+03
2.399999999999999911e-01 2.906891897355200527e+01 5.402251338253601034e+02
2.500000019999999989e-01 2.033465896902400161e+01 5.794508074912000666e+02
2.599999980000000099e-01 1.747990282372800408e+01 1.794586391375467258e+02
2.700000000000000178e-01 1.674548618655200372e+01 1.244680795981600170e+02
2.800000019999999701e-01 1.499054123092800239e+01 1.812628988956400349e+02
2.899999979999999811e-01 1.312022820738400064e+01 1.787853688250133928e+02
2.999999999999999889e-01 1.141483385331200040e+01 1.603774026072800325e+02
3.100000019999999967e-01 9.912680152728000849e+00 1.424851426873333651e+02
3.199999980000000077e-01 8.565131000960001018e+00 1.308118364447600186e+02
3.300000000000000155e-01 7.296443425088000367e+00 1.241750542181066947e+02
3.400000020000000234e-01 6.081629916040000694e+00 1.182521681560000104e+02
3.499999979999999788e-01 4.931400061968000514e+00 1.108858818758000240e+02
3.599999999999999867e-01 3.863912280616000672e+00 1.025860539565066745e+02
3.700000019999999945e-01 2.879678982280000188e+00 9.424968832278669595e+01
3.799999980000000055e-01 1.978918513184000361e+00 8.638747817796001982e+01
3.900000000000000133e-01 1.151929419975999958e+00 7.942664731304000725e+01
4.000000020000000212e-01 3.903855677600000518e-01 7.322486312596001312e+01
4.099999979999999766e-01 -3.125678412880000812e-01 6.732985051621334094e+01
4.199999999999999845e-01 -9.562114436800002171e-01 6.136775993478668312e+01
4.300000019999999368e-01 -1.539923040959999989e+00 5.524889958733334794e+01
4.399999980000000033e-01 -2.061189434032000278e+00 4.894486184324000533e+01
4.499999999999999556e-01 -2.518820279080000279e+00 4.250110131589333662e+01
4.600000019999999634e-01 -2.911211463976000058e+00 3.614544473397334201e+01
4.699999980000000299e-01 -3.241729171528000109e+00 3.020568221498667327e+01
4.799999999999999822e-01 -3.515325107160000684e+00 2.483471145610667108e+01
4.900000019999999901e-01 -3.738423401208000652e+00 2.006389193481333777e+01
4.999999979999999455e-01 -3.916602944880000603e+00 1.588095439188000491e+01
5.100000000000000089e-01 -4.056042489464000589e+00 1.204592194393333671e+01
5.200000019999999612e-01 -4.157521384456000391e+00 8.104619312920000596e+00
5.299999979999999722e-01 -4.218134875304000886e+00 3.900985913840000929e+00
5.400000000000000355e-01 -4.235541101896000526e+00 -2.518590668133333654e-01
5.500000019999999878e-01 -4.213097694944000438e+00 -3.794562561506667375e+00
5.599999979999999988e-01 -4.159649852200000275e+00 -6.264427676626667107e+00
5.699999999999999512e-01 -4.087809141272000346e+00 -7.678492092520000867e+00
5.800000019999999035e-01 -4.006080010768000577e+00 -8.637299812800002030e+00
5.899999980000000255e-01 -3.915063145016000057e+00 -9.833440846706668736e+00
5.999999999999999778e-01 -3.809411191184000511e+00 -1.143710582365333472e+01
6.100000019999999301e-01 -3.686321028264000432e+00 -1.300408302701333518e+01
6.199999980000000521e-01 -3.549329529528000293e+00 -1.398110729056000423e+01
6.300000000000000044e-01 -3.406698881616000207e+00 -1.418974452164000333e+01
6.400000019999999568e-01 -3.265534642024000345e+00 -1.386251283564000225e+01
6.499999980000000788e-01 -3.129448627832000618e+00 -1.353426811258666973e+01
6.600000000000000311e-01 -2.994849280888000287e+00 -1.381465798000000156e+01
6.700000019999999834e-01 -2.853155468232000391e+00 -1.488994650997333657e+01
6.799999979999998834e-01 -2.697050348736000469e+00 -1.637273883005333630e+01
6.899999999999999467e-01 -2.525700691352000593e+00 -1.776674888765333549e+01
7.000000019999998990e-01 -2.341715370704000154e+00 -1.867310760872000586e+01
7.099999979999999100e-01 -2.152238537504000071e+00 -1.880696749224000541e+01
7.199999999999999734e-01 -1.965576021696000319e+00 -1.815248985280000227e+01
7.300000019999999257e-01 -1.789188740448000248e+00 -1.693524319573333514e+01
7.399999979999999367e-01 -1.626871159176000114e+00 -1.546612770221333832e+01
7.500000000000000000e-01 -1.479866185288000180e+00 -1.411109231589333568e+01
7.600000019999999523e-01 -1.344649309232000212e+00 -1.319231060149333601e+01
7.699999979999999633e-01 -1.216019973816000244e+00 -1.278506272574666802e+01
7.800000000000000266e-01 -1.088948057088000132e+00 -1.275918472758666766e+01
7.900000019999999790e-01 -9.608362782880001118e-01 -1.282803482549333651e+01
7.999999979999999900e-01 -8.323873611360000924e-01 -1.260978908025333389e+01
8.100000000000000533e-01 -7.086404984960000819e-01 -1.184853750414666962e+01
8.200000020000000056e-01 -5.954166092400000609e-01 -1.057810093817333552e+01
8.299999979999999056e-01 -4.970784798719999897e-01 -9.003530444253334153e+00
8.399999999999999689e-01 -4.153460021680000502e-01 -7.393098551613334735e+00
8.500000019999999212e-01 -3.492165098160000536e-01 -6.022921792293335130e+00
8.599999979999999322e-01 -2.948875668800000627e-01 -5.084665552266667277e+00
8.699999999999999956e-01 -2.475231973760000093e-01 -4.554336341840000912e+00
8.800000019999999479e-01 -2.038008366960000484e-01 -4.269882896920000448e+00
8.899999979999999589e-01 -1.621255398560000338e-01 -4.061293293706667029e+00
8.999999999999999112e-01 -1.225749702640000216e-01 -3.765127005773333924e+00
9.100000019999999745e-01 -8.682299988000001523e-02 -3.269115960533333975e+00
9.199999979999999855e-01 -5.719265244800000175e-02 -2.531007671373334045e+00
9.299999999999999378e-01 -3.620284659200000144e-02 -1.581833513466667007e+00
9.400000020000000012e-01 -2.555598078400000278e-02 -5.696168379333335086e-01
9.499999980000000122e-01 -2.481050913600000088e-02 2.658789953200000333e-01
9.599999999999999645e-01 -3.087356445600000429e-02 7.551528173200000582e-01
9.700000020000000278e-01 -3.991356506400000476e-02 9.059220090933335356e-01
9.799999979999999278e-01 -4.899200408000000534e-02 8.370167381733334411e-01
9.899999999999998801e-01 -5.665389968800000481e-02 6.769229096666667944e-01
1.000000001999999943e+00 -6.253046157600000710e-02 5.280844456133334530e-01
1.009999997999999843e+00 -6.721558762400001164e-02 4.382364764933334156e-01
1.020000000000000018e+00 -7.129519264000001855e-02 4.303979268266667213e-01
1.030000001999999970e+00 -7.582354839200000640e-02 5.047811904000001348e-01
1.039999997999999870e+00 -8.139081644800000293e-02 6.194557951866668244e-01
1.050000000000000044e+00 -8.821266527200001539e-02 7.062353302800000732e-01
1.060000001999999997e+00 -9.551551928800000590e-02 7.130401251200001456e-01
1.069999997999999897e+00 -1.024734652640000160e-01 6.205656360533334803e-01
1.080000000000000071e+00 -1.079268322879999992e-01 4.268567844800000843e-01
1.090000002000000023e+00 -1.110106034640000044e-01 1.470749847600000271e-01
1.099999997999999923e+00 -1.108683349120000161e-01 -1.631536644133333713e-01
1.110000000000000098e+00 -1.077475269680000236e-01 -4.284448704933334073e-01
1.120000002000000050e+00 -1.022994359680000076e-01 -6.165117305600000819e-01
1.129999997999999950e+00 -9.541729570400001026e-02 -7.559477075866668505e-01
1.139999999999999902e+00 -8.718048084000001863e-02 -9.056328807466669240e-01
1.150000001999999855e+00 -7.730463836800001431e-02 -1.094972039426666877e+00
1.159999997999999977e+00 -6.528103991200000233e-02 -3.554855113786667520e+00
1.169999999999999929e+00 -6.207533024000001093e-03 -3.227649298853334070e+00
1.180000001999999881e+00 -7.280536560000000794e-04 -3.067314806666667226e-01
1.189999998000000003e+00 -7.290620000000001019e-05 -3.640276648000000809e-02
1.199999999999999956e+00 0.000000000000000000e+00 -7.290452640000001996e-03
