0.000000000000000000e+00 7.186978567580538879e+01 1.928838612513621058e+02
1.000000000000000021e-02 6.994094706329175892e+01 1.928838612513609121e+02
2.000000000000000042e-02 6.801210845077817169e+01 1.928838612513609121e+02
2.999999999999999889e-02 6.608326983826454182e+01 1.928838612513615089e+02
4.000000000000000083e-02 6.415443122575094037e+01 1.928838612513609121e+02
4.999999999999999584e-02 6.222559261323733182e+01 1.928838612513615089e+02
5.999999999999999778e-02 6.029675400072370905e+01 1.928838612513621058e+02
6.999999999999999278e-02 5.836791538821008629e+01 1.928838612513615089e+02
8.000000000000000167e-02 5.643907677569647774e+01 1.928838612513609121e+02
8.999999999999999667e-02 5.451023816318286919e+01 1.928838612513609121e+02
9.999999999999999167e-02 5.258139955066926063e+01 1.928838612513615089e+02
1.099999999999999867e-01 5.065256093815563787e+01 1.928838612513615089e+02
1.199999999999999956e-01 4.872372232564202932e+01 1.928838612513612247e+02
1.300000000000000044e-01 4.679488371312841366e+01 1.928838612513615089e+02
1.399999999999999856e-01 4.486604510061479800e+01 1.928838612513612247e+02
1.499999999999999944e-01 4.293720648810118945e+01 1.928838612513612247e+02
1.600000000000000033e-01 4.100836787558758090e+01 1.928838612513615089e+02
1.699999999999999845e-01 3.907952926307396524e+01 1.928838612513612247e+02
1.799999999999999933e-01 3.715069065056035669e+01 1.928838612513612247e+02
1.899999999999999745e-01 3.522185203804674103e+01 1.928838612513615089e+02
1.999999999999999833e-01 3.329301342553312537e+01 1.928838612513615089e+02
2.099999999999999922e-01 3.136417481301950971e+01 1.928838612513612247e+02
2.199999999999999734e-01 2.943533620050590116e+01 1.928838612513612247e+02
2.299999999999999822e-01 2.750649758799228550e+01 1.928838612513618216e+02
2.399999999999999911e-01 2.557765897547866274e+01 1.928838612513615089e+02
2.500000000000000000e-01 2.364882036296505419e+01 1.928838612513612247e+02
2.600000000000000089e-01 2.171998175045143853e+01 1.928838612513615089e+02
2.700000000000000178e-01 1.979114313793782642e+01 1.928838612513612247e+02
2.799999999999999711e-01 1.786230452542421432e+01 1.928838612513612247e+02
2.899999999999999800e-01 1.593346591291060044e+01 1.928838612513613384e+02
2.999999999999999889e-01 1.400462730039698833e+01 1.928838612513609121e+02
3.099999999999999423e-01 1.207578868788338333e+01 1.928838612513613384e+02
3.200000000000000067e-01 1.014695007536976235e+01 1.928838612513620205e+02
3.300000000000000155e-01 8.218111462856143135e+00 1.928838612513612816e+02
3.399999999999999689e-01 6.289272850342536358e+00 1.928838612513612816e+02
3.500000000000000333e-01 4.360434237828917148e+00 1.636402185885262099e+02
3.599999999999999867e-01 3.016468478572012835e+00 1.195817507164824036e+02
3.699999999999999956e-01 1.968799223499269502e+00 9.485820624320601269e+01
3.799999999999999489e-01 1.119304353707892830e+00 7.756710138023429124e+01
3.900000000000000133e-01 4.174571958945837991e-01 6.446124716778031427e+01
3.999999999999999667e-01 -1.699205896477134214e-01 5.413355993271284206e+01
4.099999999999999756e-01 -6.652140027596730176e-01 4.555010238439777481e+01
4.199999999999999845e-01 -1.080922637335668846e+00 3.793408577653356417e+01
4.299999999999999933e-01 -1.423895718290344226e+00 3.096864266869710391e+01
4.399999999999999467e-01 -1.700295490709610835e+00 2.460519142399224890e+01
4.499999999999999556e-01 -1.915999546770189133e+00 1.877627640656255537e+01
4.599999999999999645e-01 -2.075821018840861676e+00 1.362626192896411403e+01
4.699999999999999734e-01 -2.188524785349471369e+00 9.359474092945571755e+00
4.799999999999999822e-01 -2.263010500699773164e+00 6.051266361376748115e+00
4.899999999999999911e-01 -2.309550112577006598e+00 3.374465807389829486e+00
5.000000000000000000e-01 -2.330499816847569683e+00 8.973926875211769572e-01
5.100000000000000089e-01 -2.327497966327429779e+00 -1.410177501632871033e+00
5.200000000000000178e-01 -2.302296266814912507e+00 -3.292817060220063929e+00
5.299999999999999156e-01 -2.261641625123028465e+00 -4.612488241485229068e+00
5.400000000000000355e-01 -2.210046501985207801e+00 -5.389317973990161548e+00
5.499999999999999334e-01 -2.153855265643225270e+00 -5.698616068809592150e+00
5.599999999999999423e-01 -2.096074180609015958e+00 -5.781743866598194614e+00
5.699999999999999512e-01 -2.038220388311261733e+00 -5.895345799035497159e+00
5.799999999999999600e-01 -1.978167264628306166e+00 -6.165442422233098796e+00
5.899999999999999689e-01 -1.914911539866599677e+00 -6.609761151854773864e+00
5.999999999999999778e-01 -1.845972041591210644e+00 -7.033650533254320436e+00
6.099999999999999867e-01 -1.774238529201513259e+00 -7.287347533240707165e+00
6.199999999999998845e-01 -1.700225090926396510e+00 -7.492880352621241080e+00
6.300000000000000044e-01 -1.624380922149088358e+00 -7.634839832376611568e+00
6.400000000000000133e-01 -1.547528294278864180e+00 -7.596764542857563640e+00
6.499999999999999112e-01 -1.472445631291937174e+00 -7.329209029001396480e+00
6.600000000000000311e-01 -1.400944113698836313e+00 -6.902892442637305948e+00
6.700000000000000400e-01 -1.334387782439190984e+00 -6.461144520047120920e+00
6.799999999999999378e-01 -1.271721223297894054e+00 -6.216628512745122848e+00
6.899999999999999467e-01 -1.210055212184288687e+00 -6.210239126919123720e+00
7.000000000000000666e-01 -1.147516440759511536e+00 -6.247178954747229618e+00
7.099999999999999645e-01 -1.085111633089343997e+00 -6.125518040123628438e+00
7.199999999999999734e-01 -1.025006079957039073e+00 -5.852297563040773198e+00
7.299999999999998712e-01 -9.680656818285285903e-01 -5.454474627399768849e+00
7.399999999999999911e-01 -9.159165874090435810e-01 -4.885227911781937493e+00
7.500000000000000000e-01 -8.703611235928898626e-01 -4.179159297379943183e+00
7.599999999999998979e-01 -8.323334014614447440e-01 -3.528847292677699254e+00
7.699999999999999067e-01 -7.997841777393358553e-01 -3.084160281755528477e+00
7.800000000000000266e-01 -7.706501958263342056e-01 -2.832241395176116505e+00
7.899999999999999245e-01 -7.431393498358135341e-01 -2.693159194755924357e+00
7.999999999999999334e-01 -7.167870119312157451e-01 -2.580816098480528620e+00
8.100000000000000533e-01 -6.915230278662030106e-01 -2.435485904785430478e+00
8.199999999999999512e-01 -6.680772938355070689e-01 -2.254199483703416274e+00
8.299999999999999600e-01 -6.464390381921346629e-01 -2.078072663416292709e+00
8.399999999999999689e-01 -6.265158405671812369e-01 -1.934755371747667096e+00
8.499999999999999778e-01 -6.077439307571813609e-01 -1.854935633283882224e+00
8.599999999999999867e-01 -5.894171279015035791e-01 -1.881535303527533731e+00
8.699999999999999956e-01 -5.701132246866306152e-01 -2.001286328836375805e+00
8.799999999999998934e-01 -5.493914013247760408e-01 -2.128186766817456554e+00
8.900000000000000133e-01 -5.275494893502815641e-01 -2.200457317315335892e+00
8.999999999999999112e-01 -5.053822549784693363e-01 -2.222776724667568704e+00
9.099999999999999201e-01 -4.830939548569301301e-01 -2.225693475222911388e+00
9.199999999999999289e-01 -4.608683854740111552e-01 -2.220493163663454173e+00
9.299999999999999378e-01 -4.386840915836610622e-01 -2.198075890522004361e+00
9.399999999999999467e-01 -4.169068676635710458e-01 -2.166965020587861890e+00
9.499999999999999556e-01 -3.953447911719038532e-01 -2.154208597780825851e+00
9.599999999999999645e-01 -3.738226957079545110e-01 -2.167206799678941476e+00
9.699999999999999734e-01 -3.520006551783250170e-01 -2.184600586263509392e+00
9.799999999999999822e-01 -3.301306839826843587e-01 -2.176933366272555403e+00
9.899999999999998801e-01 -3.084619878528739312e-01 -2.137584067409564970e+00
1.000000000000000000e+00 -2.873790026344930637e-01 -2.090847155483516850e+00
1.010000000000000009e+00 -2.666450447432035520e-01 -2.056753453602543136e+00
1.020000000000000018e+00 -2.462439335624422021e-01 -2.024868635894377267e+00
1.029999999999999805e+00 -2.261476720253160488e-01 -1.983505614621383861e+00
1.040000000000000036e+00 -2.065738212700145293e-01 -1.924967693091595100e+00
1.050000000000000044e+00 -1.876483181634841513e-01 -1.849667798639814675e+00
1.059999999999999831e+00 -1.695804652972182358e-01 -1.763422686459784172e+00
1.069999999999999840e+00 -1.523798644342884701e-01 -1.671464572644582036e+00
1.080000000000000071e+00 -1.361511738443265951e-01 -1.576458871542161022e+00
1.089999999999999858e+00 -1.208506870034452424e-01 -1.484376586952484089e+00
1.099999999999999867e+00 -1.064636421052769233e-01 -1.394418309193083516e+00
1.109999999999999876e+00 -9.296232081958358262e-02 -1.305149505455676096e+00
1.119999999999999885e+00 -8.036065199616340693e-02 -1.218881244380170203e+00
1.129999999999999893e+00 -6.858469593198017467e-02 -1.144593395535375757e+00
1.139999999999999902e+00 -5.746878408545588734e-02 -1.087781866437390610e+00
1.149999999999999911e+00 -4.682905860323236663e-02 -1.045177041356456060e+00
1.159999999999999920e+00 -3.656524325832677391e-02 -1.790360213071788609e+00
1.169999999999999929e+00 -1.102185434179659036e-02 -1.764329732165792697e+00
1.179999999999999938e+00 -1.278648615010926151e-03 -5.460648654244676381e-01
1.189999999999999947e+00 -1.005570333072392972e-04 -6.393243075054631797e-02
1.199999999999999956e+00 0.000000000000000000e+00 -1.005570333072393178e-02
