0.000000000000000000e+00 3.760715180000000259e+02 1.260324493466666809e+03
1.001999999999999939e-02 3.634682640000000333e+02 1.260324493466666809e+03
1.998000000000000123e-02 3.508650100000000407e+02 1.260324493466666809e+03
2.999999999999999889e-02 3.382617560000000481e+02 1.260324493466666809e+03
4.001999999999999308e-02 3.256585438399999930e+02 1.260324493466666809e+03
4.997999999999999665e-02 3.130552898400000572e+02 1.260324493466666809e+03
5.999999999999999778e-02 3.004520358400000646e+02 1.260324493466666809e+03
7.001999999999999891e-02 2.878487818400000151e+02 1.260324493466666809e+03
7.997999999999999554e-02 2.752455278400000793e+02 1.260324493466666809e+03
8.999999999999999667e-02 2.626423156800000243e+02 1.260324493466666809e+03
1.000199999999999839e-01 2.500390616800000316e+02 1.260324493466666809e+03
1.099799999999999944e-01 2.374358076800000106e+02 1.260324493466666809e+03
1.199999999999999956e-01 2.248325536800000464e+02 1.260324493466666809e+03
1.300199999999999967e-01 2.122293415200000197e+02 1.260324493466666809e+03
1.399799999999999933e-01 1.996260875200000271e+02 1.260324493466666809e+03
1.499999999999999944e-01 1.870228335200000060e+02 1.260324493466666809e+03
1.600199999999999956e-01 1.744195795200000134e+02 1.260324493466666809e+03
1.699799999999999922e-01 1.618163255200000208e+02 1.260324493466666809e+03
1.799999999999999933e-01 1.492131133600000226e+02 1.260324493466666809e+03
1.900199999999999945e-01 1.366098593600000299e+02 1.260324493466666809e+03
1.999799999999999911e-01 1.240066053600000231e+02 1.260324493466666809e+03
2.099999999999999922e-01 1.114033513600000163e+02 1.260324493466666809e+03
2.200200000000000211e-01 9.880013920000001804e+01 1.260324493466666809e+03
2.299799999999999622e-01 8.619688520000001120e+01 1.260324493466666809e+03
2.399999999999999911e-01 7.359363120000000436e+01 1.260324493466666809e+03
2.500200000000000200e-01 6.099037720000000462e+01 1.260324493466666809e+03
2.599799999999999889e-01 4.838712320000000489e+01 1.260324493466666809e+03
2.700000000000000178e-01 3.578391103999999956e+01 1.260324493466666809e+03
2.800199999999999911e-01 2.318065704000000338e+01 1.276849550133333651e+03
2.899800000000000155e-01 1.024690888000000122e+01 8.515529234666668117e+02
2.999999999999999889e-01 6.149601360000001016e+00 3.595726113333333842e+02
3.100200000000000178e-01 3.055449680000000168e+00 2.746694189333334180e+02
3.199799999999999867e-01 6.562185600000001173e-01 2.181052953333334017e+02
3.300000000000000155e-01 -1.306663200000000247e+00 1.783527626666667061e+02
3.400199999999999889e-01 -2.910850640000000045e+00 1.475359290666666823e+02
3.499800000000000133e-01 -4.257387360000000065e+00 1.218241333333333500e+02
3.599999999999999867e-01 -5.347319360000001076e+00 1.008365617333333546e+02
3.700200000000000156e-01 -6.274117200000000949e+00 8.615351106666668102e+01
3.799799999999999844e-01 -7.070416080000001102e+00 7.399836346666668874e+01
3.900000000000000133e-01 -7.754081680000000532e+00 6.367315800000001502e+01
4.000199999999999867e-01 -8.343858320000000717e+00 5.272913893333333846e+01
4.099800000000000111e-01 -8.808658880000001190e+00 3.974918546666667396e+01
4.199999999999999845e-01 -9.138860160000001898e+00 2.809583893333333648e+01
4.300200000000000133e-01 -9.370570080000002022e+00 1.838672746666667024e+01
4.399799999999999822e-01 -9.506591920000001750e+00 9.497889200000001253e+00
4.499999999999999556e-01 -9.560523680000001079e+00 -1.243415066666666791e+00
4.600199999999999845e-01 -9.481697120000001533e+00 -1.316753613333333561e+01
4.699799999999999534e-01 -9.297182720000002121e+00 -2.233879440000000116e+01
4.799999999999999822e-01 -9.034929600000001670e+00 -2.710932146666667464e+01
4.900199999999999556e-01 -8.754978160000002063e+00 -2.802261893333334086e+01
4.999799999999999800e-01 -8.474482800000000537e+00 -2.881904333333334023e+01
5.100000000000000089e-01 -8.178632160000001150e+00 -3.007947333333333617e+01
5.200200000000000378e-01 -7.872907280000001506e+00 -3.005506666666667215e+01
5.299800000000000066e-01 -7.577516880000001898e+00 -2.846967933333334244e+01
5.400000000000000355e-01 -7.303506720000000563e+00 -2.695130573333333501e+01
5.500199999999999534e-01 -7.038492159999999664e+00 -2.678778106666667114e+01
5.599800000000000333e-01 -6.767745520000000958e+00 -2.720841253333334109e+01
5.699999999999999512e-01 -6.494321120000001279e+00 -2.761398160000000601e+01
5.800199999999999800e-01 -6.215457520000000180e+00 -2.738253666666667030e+01
5.899799999999999489e-01 -5.946677360000000689e+00 -2.753113840000000678e+01
5.999999999999999778e-01 -5.664843120000001342e+00 -2.738309453333334176e+01
6.100199999999998957e-01 -5.398991760000000362e+00 -2.724948546666667326e+01
6.199800000000000866e-01 -5.119877120000000836e+00 -2.866186440000000601e+01
6.300000000000000044e-01 -4.825783760000000200e+00 -2.900076840000000544e+01
6.400199999999999223e-01 -4.539849200000000806e+00 -2.815901733333333823e+01
6.499799999999998912e-01 -4.262575520000000395e+00 -2.737953813333333741e+01
6.600000000000000311e-01 -3.992247280000000842e+00 -2.655549933333333712e+01
6.700199999999999489e-01 -3.731458560000000535e+00 -2.403547613333333999e+01
6.799799999999999178e-01 -3.511547520000000144e+00 -2.157974706666667331e+01
6.899999999999999467e-01 -3.299878960000000472e+00 -2.002336880000000363e+01
7.000199999999999756e-01 -3.111055040000000549e+00 -1.715691040000000456e+01
7.099799999999999445e-01 -2.956749120000000453e+00 -1.486045226666667141e+01
7.199999999999999734e-01 -2.813865520000000231e+00 -1.364555813333333667e+01
7.300199999999998912e-01 -2.683826800000000290e+00 -1.281517360000000316e+01
7.399799999999999711e-01 -2.557553680000000274e+00 -1.047833986666666917e+01
7.500000000000000000e-01 -2.474250240000000378e+00 -7.494938666666667970e+00
7.600199999999999179e-01 -2.407640960000000607e+00 -5.827684400000001652e+00
7.699799999999999978e-01 -2.357725840000000517e+00 -3.534643200000000984e+00
7.800000000000000266e-01 -2.336973200000000084e+00 -2.128400800000000537e+00
7.900199999999999445e-01 -2.315132720000000255e+00 -2.238649200000000672e+00
7.999799999999999134e-01 -2.292204400000000586e+00 -1.675901200000000424e+00
8.100000000000000533e-01 -2.281618880000000349e+00 -8.097434666666668557e-01
8.200199999999999712e-01 -2.276012320000000422e+00 -3.932262666666667128e-01
8.299799999999999400e-01 -2.273752960000000378e+00 1.854906666666667203e-01
8.399999999999999689e-01 -2.279694240000000427e+00 1.139651866666666846e+00
8.500199999999999978e-01 -2.296555760000000390e+00 1.595010533333333758e+00
8.599799999999999667e-01 -2.311618160000000088e+00 1.535597733333333714e+00
8.699999999999999956e-01 -2.327266320000000110e+00 1.818296666666666894e+00
8.800199999999999134e-01 -2.347977120000000362e+00 1.809091866666667103e+00
8.899799999999999933e-01 -2.363457920000000101e+00 1.032192800000000243e+00
8.999999999999999112e-01 -2.368604240000000249e+00 3.002717333333334015e-01
9.100199999999999401e-01 -2.369441040000000331e+00 -4.349268000000001133e-01
9.199800000000000200e-01 -2.359943359999999934e+00 -1.090908266666666959e+00
9.299999999999999378e-01 -2.347642400000000240e+00 -1.586433333333333584e+00
9.400199999999999667e-01 -2.328186800000000112e+00 -2.590105200000000440e+00
9.499799999999999356e-01 -2.295844479999999965e+00 -3.766994666666667602e+00
9.599999999999999645e-01 -2.252874800000000288e+00 -4.276605866666667310e+00
9.700199999999999934e-01 -2.210281680000000470e+00 -4.395082800000000844e+00
9.799799999999999622e-01 -2.164968960000000386e+00 -5.200084400000000606e+00
9.899999999999998801e-01 -2.106309280000000506e+00 -6.772292133333334796e+00
1.000019999999999909e+00 -2.029491040000000357e+00 -8.338014666666669683e+00
1.009979999999999878e+00 -1.939535040000000210e+00 -9.063101866666668727e+00
1.020000000000000018e+00 -1.848240160000000021e+00 -9.225720000000002585e+00
1.030019999999999936e+00 -1.755020640000000354e+00 -1.027025560000000226e+01
1.039979999999999905e+00 -1.642847600000000075e+00 -1.123515573333333428e+01
1.050000000000000044e+00 -1.530339840000000118e+00 -1.147559626666666865e+01
1.060019999999999962e+00 -1.413313360000000074e+00 -1.154860706666666914e+01
1.069979999999999931e+00 -1.299341200000000196e+00 -1.123585306666666916e+01
1.080000000000000071e+00 -1.188632560000000060e+00 -1.226546573333333434e+01
1.090019999999999989e+00 -1.054033280000000072e+00 -1.498116066666666946e+01
1.099979999999999958e+00 -8.889744800000000113e-01 -1.675440960000000246e+01
1.110000000000000098e+00 -7.189367200000000846e-01 -1.650964560000000247e+01
1.120020000000000016e+00 -5.588150400000000406e-01 -1.541636640000000469e+01
1.129979999999999984e+00 -4.106177600000000538e-01 -1.392170213333333706e+01
1.139999999999999902e+00 -2.803698400000000368e-01 -1.155474360000000189e+01
1.150020000000000042e+00 -1.795354400000000183e-01 -8.797975733333334603e+00
1.159980000000000011e+00 -1.043908000000000058e-01 -8.239342000000002386e+00
1.169999999999999929e+00 -1.472768000000000341e-02 -5.156570800000000787e+00
1.180019999999999847e+00 -1.255200000000000152e-03 -7.313632000000001021e-01
1.189980000000000038e+00 -1.255200000000000044e-04 -6.359680000000000888e-02
1.199999999999999956e+00 0.000000000000000000e+00 -1.129680000000000094e-02
