0.000000000000000000e+00 3.547388544179664223e+02 1.290319579079987761e+03
1.000000000000000021e-02 3.418356586271665378e+02 1.290319579079985260e+03
2.000000000000000042e-02 3.289324628363667102e+02 1.290319579079982987e+03
2.999999999999999889e-02 3.160292670455668826e+02 1.290319579079982987e+03
4.000000000000000083e-02 3.031260712547670551e+02 1.290319579079982987e+03
4.999999999999999584e-02 2.902228754639672275e+02 1.290319579079982987e+03
5.999999999999999778e-02 2.773196796731673999e+02 1.290319579079985260e+03
6.999999999999999278e-02 2.644164838823675154e+02 1.290319579079982987e+03
8.000000000000000167e-02 2.515132880915677163e+02 1.290319579079982987e+03
8.999999999999999667e-02 2.386100923007678603e+02 1.290319579079982987e+03
9.999999999999999167e-02 2.257068965099680611e+02 1.290319579079982987e+03
1.099999999999999867e-01 2.128037007191682051e+02 1.290319579079985260e+03
1.199999999999999956e-01 1.999005049283683775e+02 1.290319579079982987e+03
1.300000000000000044e-01 1.869973091375685499e+02 1.290319579079984123e+03
1.399999999999999856e-01 1.740941133467686939e+02 1.290319579079984123e+03
1.499999999999999944e-01 1.611909175559688663e+02 1.290319579079982987e+03
1.600000000000000033e-01 1.482877217651690387e+02 1.290319579079982987e+03
1.699999999999999845e-01 1.353845259743692111e+02 1.290319579079984123e+03
1.799999999999999933e-01 1.224813301835693551e+02 1.290319579079984123e+03
1.899999999999999745e-01 1.095781343927695275e+02 1.290319579079982987e+03
1.999999999999999833e-01 9.667493860196969990e+01 1.290319579079982987e+03
2.099999999999999922e-01 8.377174281116987231e+01 1.290319579079983441e+03
2.199999999999999734e-01 7.086854702037003051e+01 1.290319579079983441e+03
2.299999999999999822e-01 5.796535122957019581e+01 1.290319579079985488e+03
2.399999999999999911e-01 4.506215543877031848e+01 1.290319579079985942e+03
2.500000000000000000e-01 3.215895964797048379e+01 1.290319579079983441e+03
2.600000000000000089e-01 1.925576385717065264e+01 1.290319579079983214e+03
2.700000000000000178e-01 6.352568066370818833e+00 9.014420735758329783e+02
2.799999999999999711e-01 1.226922385653991476e+00 3.582144440233249725e+02
2.899999999999999800e-01 -8.117208140956807538e-01 1.153849618862793847e+02
2.999999999999999889e-01 -1.080776852071596128e+00 -1.087802102660480053e+01
3.099999999999999423e-01 -5.941603935635848543e-01 -3.461750381447703973e+01
3.200000000000000067e-01 -3.884267757820554778e-01 7.251811271762695021e+00
3.300000000000000155e-01 -7.391966189988387059e-01 5.207763188940915455e+01
3.399999999999999689e-01 -1.429979413570238611e+00 7.171336708267152460e+01
3.500000000000000333e-01 -2.173463960652268767e+00 7.281469336594486208e+01
3.599999999999999867e-01 -2.886273280889135595e+00 6.002621718983782984e+01
3.699999999999999956e-01 -3.373988304449025311e+00 3.311685255341457434e+01
3.799999999999999489e-01 -3.548610331957426922e+00 2.586819581076928554e+00
3.900000000000000133e-01 -3.425724696070564068e+00 -2.202047388294750974e+01
3.999999999999999667e-01 -3.108200854298476923e+00 -3.370617600040795026e+01
4.099999999999999756e-01 -2.751601176062405063e+00 -3.214184020200247005e+01
4.199999999999999845e-01 -2.465364050258427753e+00 -2.741832779316400703e+01
4.299999999999999933e-01 -2.203234620199125082e+00 -2.684091398580522636e+01
4.399999999999999467e-01 -1.928545770542323234e+00 -2.417553314490080041e+01
4.499999999999999556e-01 -1.719723957301109163e+00 -1.945998599483068148e+01
4.599999999999999645e-01 -1.539346050645709729e+00 -1.409183548512659456e+01
4.699999999999999734e-01 -1.437887247598577334e+00 -6.790790039873768613e+00
4.799999999999999822e-01 -1.403530249848234268e+00 -4.406508362462800754e+00
4.899999999999999911e-01 -1.349757080349321292e+00 -7.319169617987822285e+00
5.000000000000000000e-01 -1.257146857488477876e+00 -4.881581317737070158e+00
5.100000000000000089e-01 -1.252125453994579862e+00 1.995039547361284193e-01
5.200000000000000178e-01 -1.261136936583200363e+00 -1.447513268918850127e+00
5.299999999999999156e-01 -1.223175188616202780e+00 -3.866059559377733379e+00
5.400000000000000355e-01 -1.183815745395645713e+00 -2.294867328601232437e+00
5.499999999999999334e-01 -1.177277842044178069e+00 -2.023074839058211172e+00
5.599999999999999423e-01 -1.143354248614481650e+00 -4.383250781760611225e+00
5.699999999999999512e-01 -1.089612826408965951e+00 -6.326378257489505330e+00
5.799999999999999600e-01 -1.016826683464691516e+00 -1.003454641308850448e+01
5.899999999999999689e-01 -8.889218981471959102e-01 -1.246013081401266653e+01
5.999999999999999778e-01 -7.676240671844382080e-01 -1.030139915037256060e+01
6.099999999999999867e-01 -6.828939151397447338e-01 -6.988577861063902219e+00
6.199999999999998845e-01 -6.278525099631601103e-01 -7.022764292242163364e+00
6.300000000000000044e-01 -5.424386292949014976e-01 -7.832958393583356660e+00
6.400000000000000133e-01 -4.711933420914929949e-01 -6.689363412914527629e+00
6.499999999999999112e-01 -4.086513610366109273e-01 -5.769750053135341616e+00
6.600000000000000311e-01 -3.557983410287861581e-01 -4.842085982241261632e+00
6.700000000000000400e-01 -3.118096413917856857e-01 -5.970121559298220859e+00
6.799999999999999378e-01 -2.363959098428217720e-01 -7.902232665985141402e+00
6.899999999999999467e-01 -1.537649880720828865e-01 -6.013200033747956752e+00
7.000000000000000666e-01 -1.161319091678626597e-01 -1.036120818679355793e+00
7.099999999999999645e-01 -1.330425716984957873e-01 -9.905000532876215846e-01
7.199999999999999734e-01 -9.632190810211023468e-02 -3.794089433731367311e+00
7.299999999999998712e-01 -5.716078302386843474e-02 -2.662083752583052298e+00
7.399999999999999911e-01 -4.308023305044918899e-02 -1.277438018798437769e+00
7.500000000000000000e-01 -3.161202264789968880e-02 -4.815510903690683464e-01
7.599999999999998979e-01 -3.344921124306782928e-02 -1.675375291565788238e-01
7.699999999999999067e-01 -2.826127206476811149e-02 -1.934965988303699036e-01
7.800000000000000266e-01 -2.957927926646043010e-02 3.122013838561882859e-01
7.899999999999999245e-01 -3.450529974189187749e-02 6.798355769350808986e-01
7.999999999999999334e-01 -4.317599080516204557e-02 1.867214237808111771e-02
8.100000000000000533e-01 -3.487874258945349720e-02 -1.475222974357611738e+00
8.199999999999999512e-01 -1.367153131800981358e-02 -6.182445504903060218e-01
8.299999999999999600e-01 -2.251385157964738010e-02 6.472248340277593215e-01
8.399999999999999689e-01 -2.661602799856499849e-02 -3.385941095777799531e-02
8.499999999999999778e-01 -2.183666336049181964e-02 -3.043871749460650422e-01
8.599999999999999867e-01 -2.052828449964369875e-02 -8.777590548871122555e-02
8.699999999999999956e-01 -2.008114525071759415e-02 3.088978824898170883e-01
8.799999999999998934e-01 -2.670624214944004177e-02 2.544868504256918573e-01
8.900000000000000133e-01 -2.517088225923143352e-02 -8.037629138748926538e-02
8.999999999999999112e-01 -2.509871632169025438e-02 2.972077511437909991e-01
9.099999999999999201e-01 -3.111503728210724892e-02 -9.460467876854369851e-02
9.199999999999999289e-01 -2.320662274631938096e-02 -5.813737749013770939e-01
9.299999999999999378e-01 -1.948756178407970788e-02 -2.262841386529934606e-01
9.399999999999999467e-01 -1.868093997325951175e-02 2.151232615120412736e-02
9.499999999999999556e-01 -1.991780830710379244e-02 -5.620677582874952227e-01
9.599999999999999645e-01 -7.439584807509609481e-03 -8.792024792500826580e-01
9.699999999999999734e-01 -2.333758722102140248e-03 3.454791892026652933e-01
9.799999999999999822e-01 -1.434916859156291392e-02 3.102108729389391750e-01
9.899999999999998801e-01 -8.537976180880924026e-03 -1.170244842559419185e+00
1.000000000000000000e+00 9.055728259625469428e-03 -1.733313808921125077e+00
1.010000000000000009e+00 2.612829999754157431e-02 -4.816794301045025928e-01
1.020000000000000018e+00 1.868931686171551934e-02 8.276479894917574409e-01
1.029999999999999805e+00 9.575340207706426604e-03 5.526983818420123651e-01
1.040000000000000036e+00 7.635349224875274260e-03 -3.605647405746684186e-01
1.050000000000000044e+00 1.678663501919979220e-02 -7.052455275873448226e-01
1.059999999999999831e+00 2.174025977662216724e-02 -4.429330946820130288e-01
1.069999999999999840e+00 2.564529691284005500e-02 -2.762233135582607968e-01
1.080000000000000071e+00 2.726472604778738471e-02 -2.213515687679232929e-02
1.089999999999999858e+00 2.608800005037590145e-02 1.966787309968798803e-01
1.099999999999999867e+00 2.333115142784978474e-02 2.817992638120731530e-01
1.109999999999999876e+00 2.045201477413443811e-02 1.472397216401037101e-01
1.119999999999999885e+00 2.038635699504771220e-02 -5.270553909013778182e-02
1.129999999999999893e+00 2.150612555593719305e-02 -3.554482359006909398e-02
1.139999999999999902e+00 2.109725346684909394e-02 2.183906405468978296e-01
1.149999999999999911e+00 1.713831274499923868e-02 3.996534942012684999e-01
1.159999999999999920e+00 1.310418358282372520e-02 7.421802351622861504e-01
1.169999999999999929e+00 2.294708041753516781e-03 6.413944738678373225e-01
1.179999999999999938e+00 2.762941054669792876e-04 1.135364961249588911e-01
1.189999999999999947e+00 2.397811925433915431e-05 1.381470527334896677e-02
1.199999999999999956e+00 0.000000000000000000e+00 2.397811925433915390e-03
