0.000000000000000000e+00 1.463937806342677845e+02 3.413996318868602202e+02
1.000000000000000021e-02 1.429797843153991721e+02 3.413996318868578328e+02
2.000000000000000042e-02 1.395657879965306449e+02 3.413996318868578328e+02
2.999999999999999889e-02 1.361517916776620325e+02 3.413996318868578328e+02
4.000000000000000083e-02 1.327377953587934769e+02 3.413996318868578328e+02
4.999999999999999584e-02 1.293237990399248645e+02 3.413996318868578328e+02
5.999999999999999778e-02 1.259098027210563231e+02 3.413996318868578328e+02
6.999999999999999278e-02 1.224958064021877107e+02 3.413996318868578328e+02
8.000000000000000167e-02 1.190818100833191551e+02 3.413996318868566391e+02
8.999999999999999667e-02 1.156678137644505853e+02 3.413996318868578328e+02
9.999999999999999167e-02 1.122538174455820013e+02 3.413996318868578328e+02
1.099999999999999867e-01 1.088398211267134315e+02 3.413996318868578328e+02
1.199999999999999956e-01 1.054258248078448474e+02 3.413996318868572644e+02
1.300000000000000044e-01 1.020118284889762776e+02 3.413996318868572644e+02
1.399999999999999856e-01 9.859783217010770784e+01 3.413996318868578328e+02
1.499999999999999944e-01 9.518383585123912383e+01 3.413996318868578328e+02
1.600000000000000033e-01 9.176983953237055402e+01 3.413996318868578328e+02
1.699999999999999845e-01 8.835584321350197001e+01 3.413996318868578328e+02
1.799999999999999933e-01 8.494184689463338600e+01 3.413996318868572644e+02
1.899999999999999745e-01 8.152785057576483041e+01 3.413996318868572644e+02
1.999999999999999833e-01 7.811385425689624640e+01 3.413996318868578328e+02
2.099999999999999922e-01 7.469985793802766239e+01 3.413996318868578328e+02
2.199999999999999734e-01 7.128586161915909258e+01 3.413996318868578328e+02
2.299999999999999822e-01 6.787186530029050857e+01 3.413996318868578328e+02
2.399999999999999911e-01 6.445786898142193877e+01 3.413996318868578328e+02
2.500000000000000000e-01 6.104387266255335476e+01 3.413996318868578328e+02
2.600000000000000089e-01 5.762987634368477785e+01 3.413996318868578328e+02
2.700000000000000178e-01 5.421588002481620094e+01 3.413996318868578328e+02
2.799999999999999711e-01 5.080188370594762404e+01 3.413996318868575486e+02
2.899999999999999800e-01 4.738788738707904713e+01 3.413996318868575486e+02
2.999999999999999889e-01 4.397389106821047022e+01 3.413996318868572644e+02
3.099999999999999423e-01 4.055989474934190753e+01 3.413996318868575486e+02
3.200000000000000067e-01 3.714589843047331641e+01 3.413996318868587423e+02
3.300000000000000155e-01 3.373190211160473240e+01 3.413996318868578328e+02
3.399999999999999689e-01 3.031790579273616260e+01 3.413996318868578328e+02
3.500000000000000333e-01 2.690390947386757503e+01 3.413996318868575486e+02
3.599999999999999867e-01 2.348991315499901233e+01 3.413996318868575486e+02
3.699999999999999956e-01 2.007591683613042122e+01 3.413996318868577191e+02
3.799999999999999489e-01 1.666192051726185852e+01 3.413996318868575486e+02
3.900000000000000133e-01 1.324792419839327273e+01 3.413996318868576054e+02
3.999999999999999667e-01 9.833927879524706483e+00 2.844000185723318168e+02
4.099999999999999756e-01 7.559923826946636893e+00 2.026848002143495933e+02
4.199999999999999845e-01 5.780231875237715755e+00 1.610220331522920105e+02
4.299999999999999933e-01 4.339483163900796470e+00 1.313256307600377113e+02
4.399999999999999467e-01 3.153719260036961458e+00 1.078474410338733520e+02
4.499999999999999556e-01 2.182534343223329287e+00 8.863729844554893589e+01
4.599999999999999645e-01 1.380973291125982882e+00 7.308444681231033258e+01
4.699999999999999734e-01 7.208454069771229600e-01 6.021196876212006543e+01
4.799999999999999822e-01 1.767339158835817825e-01 4.932441602456966478e+01
4.899999999999999911e-01 -2.656429135142701070e-01 4.003393087555361518e+01
5.000000000000000000e-01 -6.239447016274903834e-01 3.232097490707055698e+01
5.100000000000000089e-01 -9.120624116556812488e-01 2.568605143560141002e+01
5.200000000000000178e-01 -1.137665730339518566e+00 1.975350535761892345e+01
5.299999999999999156e-01 -1.307132518808059585e+00 1.459261668857385175e+01
5.400000000000000355e-01 -1.429518064110995468e+00 1.048823306332268501e+01
5.499999999999999334e-01 -1.516897180074513241e+00 7.455800076517640207e+00
5.599999999999999423e-01 -1.578634065641348228e+00 5.196547905428679393e+00
5.699999999999999512e-01 -1.620828138183086908e+00 3.354095540127273178e+00
5.799999999999999600e-01 -1.645715976443893780e+00 1.686658360959645275e+00
5.899999999999999689e-01 -1.654561305402279858e+00 7.565979747239889863e-02
5.999999999999999778e-01 -1.647229172393341656e+00 -1.420822381493870967e+00
6.099999999999999867e-01 -1.626144857772402252e+00 -2.748568395704203304e+00
6.199999999999998845e-01 -1.592257804479257688e+00 -3.925628443428733849e+00
6.300000000000000044e-01 -1.547632288903827646e+00 -4.897401173842578892e+00
6.400000000000000133e-01 -1.494309781002406190e+00 -5.615612842609078115e+00
6.499999999999999112e-01 -1.435320032051646155e+00 -6.094939027250997121e+00
6.600000000000000311e-01 -1.372411000457386177e+00 -6.347531570661873346e+00
6.700000000000000400e-01 -1.308369400638408786e+00 -6.339570833144058781e+00
6.799999999999999378e-01 -1.245619583794504992e+00 -6.136402266139180384e+00
6.899999999999999467e-01 -1.185641355315625090e+00 -5.868984215601718013e+00
7.000000000000000666e-01 -1.128239899482470721e+00 -5.658162413876949515e+00
7.099999999999999645e-01 -1.072478107038085993e+00 -5.575708074747202758e+00
7.199999999999999734e-01 -1.016725737987526745e+00 -5.641481740555513547e+00
7.299999999999998712e-01 -9.596484722269758016e-01 -5.744234474183227412e+00
7.399999999999999911e-01 -9.018410485038621527e-01 -5.721420008273935487e+00
7.500000000000000000e-01 -8.452200720614971852e-01 -5.555793525950058154e+00
7.599999999999998979e-01 -7.907251779848609718e-01 -5.314087405036329592e+00
7.699999999999999067e-01 -7.389383239607705267e-01 -4.999930744851239339e+00
7.800000000000000266e-01 -6.907265630878361984e-01 -4.607328747290452498e+00
7.899999999999999245e-01 -6.467917490149615034e-01 -4.188052640094921841e+00
7.999999999999999334e-01 -6.069655102859378148e-01 -3.805838116013061878e+00
8.100000000000000533e-01 -5.706749866947002925e-01 -3.480526903354217882e+00
8.199999999999999512e-01 -5.373549722188534217e-01 -3.221033123510993246e+00
8.299999999999999600e-01 -5.062543242244804675e-01 -3.011039570125727760e+00
8.399999999999999689e-01 -4.771341808163388487e-01 -2.831904084977882263e+00
8.499999999999999778e-01 -4.496162425249227712e-01 -2.689251763179428600e+00
8.599999999999999867e-01 -4.233491455527502723e-01 -2.554424215091409600e+00
8.699999999999999956e-01 -3.985277582230946081e-01 -2.388295627896013684e+00
8.799999999999998934e-01 -3.755832329948300408e-01 -2.194876166672527162e+00
8.900000000000000133e-01 -3.546302348896440693e-01 -2.032455007923685830e+00
8.999999999999999112e-01 -3.349341328363563131e-01 -1.943595005538442777e+00
9.099999999999999201e-01 -3.157583347788752159e-01 -1.888500927169706856e+00
9.199999999999999289e-01 -2.971641142929621893e-01 -1.818602148584772094e+00
9.299999999999999378e-01 -2.793862918071797763e-01 -1.728292428229890376e+00
9.399999999999999467e-01 -2.625982657283643662e-01 -1.627069908889987371e+00
9.499999999999999556e-01 -2.468448936293800300e-01 -1.526323100013004419e+00
9.599999999999999645e-01 -2.320718037281042923e-01 -1.431863256643435500e+00
9.699999999999999734e-01 -2.182076284965113189e-01 -1.362375615765696102e+00
9.799999999999999822e-01 -2.048242914127903769e-01 -1.331351524215905746e+00
9.899999999999998801e-01 -1.915805980121932095e-01 -1.331923637908354108e+00
1.000000000000000000e+00 -1.781858186546232958e-01 -1.340757280943026597e+00
1.010000000000000009e+00 -1.647654523933326787e-01 -1.337013360308201948e+00
1.020000000000000018e+00 -1.514455514484592535e-01 -1.319717795604734567e+00
1.029999999999999805e+00 -1.383710964812379929e-01 -1.288164713754499147e+00
1.040000000000000036e+00 -1.256822571733692828e-01 -1.240640316992290826e+00
1.050000000000000044e+00 -1.135582901413921819e-01 -1.184185648410488900e+00
1.059999999999999831e+00 -1.019985442051594970e-01 -1.121875081062957191e+00
1.069999999999999840e+00 -9.112078852013304198e-02 -1.054603532468110894e+00
1.080000000000000071e+00 -8.090647355579728972e-02 -9.873645178246603926e-01
1.089999999999999858e+00 -7.137349816363983135e-02 -9.244753373406565666e-01
1.099999999999999867e+00 -6.241696680898415478e-02 -8.700063488952906043e-01
1.109999999999999876e+00 -5.397337118573402454e-02 -8.230855338242297758e-01
1.119999999999999885e+00 -4.595525613249955982e-02 -7.806036507359986887e-01
1.129999999999999893e+00 -3.836129817101405215e-02 -7.355210437027459580e-01
1.139999999999999902e+00 -3.124483525844464274e-02 -6.841543207050078124e-01
1.149999999999999911e+00 -2.467821175691389812e-02 -6.302274067336568475e-01
1.159999999999999920e+00 -1.864028712377150884e-02 -9.527889643063423009e-01
1.169999999999999929e+00 -5.622432470787054430e-03 -9.001689587047232433e-01
1.179999999999999938e+00 -6.369079496770450443e-04 -2.786973744808785569e-01
1.189999999999999947e+00 -4.848498116948321763e-05 -3.184539748385225438e-02
1.199999999999999956e+00 0.000000000000000000e+00 -4.848498116948321383e-03
