0.000000000000000000e+00 3.181241832534601781e+04 4.475405466256503132e+05
1.000000000000000021e-02 2.733701285908951468e+04 4.162114433465931215e+05
2.000000000000000042e-02 2.348818945841415552e+04 3.579286695581654785e+05
2.999999999999999889e-02 2.017843946792620409e+04 3.077864646872484009e+05
4.000000000000000083e-02 1.733246016466918809e+04 2.646493051845110022e+05
4.999999999999999584e-02 1.488545336423598565e+04 2.275399530065862928e+05
5.999999999999999778e-02 1.278166110453746114e+04 1.956173993162868719e+05
6.999999999999999278e-02 1.097310537791024763e+04 1.681578810557642428e+05
8.000000000000000167e-02 9.418503483422176942e+03 1.445385423221434467e+05
8.999999999999999667e-02 8.082334531467379747e+03 1.242233721050756285e+05
9.999999999999999167e-02 6.934036041320663571e+03 1.067511012694380188e+05
1.099999999999999867e-01 5.947312506078618753e+03 9.172478584100116859e+04
1.199999999999999956e-01 5.099540324500640963e+03 7.880284167402908497e+04
1.300000000000000044e-01 4.371255672598037563e+03 6.769132830478897085e+04
1.399999999999999856e-01 3.745713758404861437e+03 5.813730796139488666e+04
1.499999999999999944e-01 3.208509513370139757e+03 4.992312994337386044e+04
1.600000000000000033e-01 2.747251159537384410e+03 4.286151145028350584e+04
1.699999999999999845e-01 2.351279284364469731e+03 3.679130389807438041e+04
1.799999999999999933e-01 2.011425081575896911e+03 3.157384921953117373e+04
1.899999999999999745e-01 1.719802299973846402e+03 2.708984394951509967e+04
1.999999999999999833e-01 1.469628202585594863e+03 2.323664034681873090e+04
2.099999999999999922e-01 1.255069493037471830e+03 1.992592366039916669e+04
2.199999999999999734e-01 1.071109729377611529e+03 1.708171313074427599e+04
2.299999999999999822e-01 9.134352304225863008e+02 1.463864161842724934e+04
2.399999999999999911e-01 7.783368970090666608e+02 1.254047503610781678e+04
2.500000000000000000e-01 6.626257297004299289e+02 1.073883816903192383e+04
2.600000000000000089e-01 5.635601336284282752e+02 9.192118124400289162e+03
2.700000000000000178e-01 4.787833672124241957e+02 7.864520656783468439e+03
2.799999999999999711e-01 4.062697204927588928e+02 6.725258065394719779e+03
2.899999999999999800e-01 3.442782059045297842e+02 5.747850327240942534e+03
2.999999999999999889e-01 2.913127139479400398e+02 4.909523684882864472e+03
3.099999999999999423e-01 2.460877322068725164e+02 4.190693106349002846e+03
3.200000000000000067e-01 2.074988518209599988e+02 3.574516927239093093e+03
3.300000000000000155e-01 1.745973936620906670e+02 3.046513613895460367e+03
3.399999999999999689e-01 1.465685795430507881e+02 2.594231988439795259e+03
3.500000000000000333e-01 1.227127538932947601e+02 2.206967463080595280e+03
3.599999999999999867e-01 1.024292302814388762e+02 1.875517869602549808e+03
3.699999999999999956e-01 8.520239650124375430e+01 1.591973363767125193e+03
3.799999999999999489e-01 7.058976300609637633e+01 1.349535653643428304e+03
3.900000000000000133e-01 5.821168342837519560e+01 1.142362462995769647e+03
3.999999999999999667e-01 4.774251374618098964e+01 1.493752601035385624e+03
4.099999999999999756e-01 2.833663140766748967e+01 1.521706073004210111e+03
4.199999999999999845e-01 1.730839228609678671e+01 7.194404088454106159e+02
4.299999999999999933e-01 1.394782323075927799e+01 5.125074512569124181e+02
4.399999999999999467e-01 7.058243260958539267e+00 3.462281957939109134e+02
4.499999999999999556e-01 7.023259314881060256e+00 6.326259473206697947e+01
4.599999999999999645e-01 5.792991366317199464e+00 1.254787622450829048e+02
4.699999999999999734e-01 4.513684069979402302e+00 1.183682610516421221e+02
4.799999999999999822e-01 3.425626145284357715e+00 9.747407400557771950e+01
4.899999999999999911e-01 2.564202589867848214e+00 7.644399219452022010e+01
5.000000000000000000e-01 1.896746301393953393e+00 6.007135221650927548e+01
5.100000000000000089e-01 1.362775545537662891e+00 4.942943551792905055e+01
5.200000000000000178e-01 9.081575910353724135e-01 4.295521517120413080e+01
5.299999999999999156e-01 5.036712421135803863e-01 3.855046453526958317e+01
5.400000000000000355e-01 1.371483003299808212e-01 3.552580142294962684e+01
5.499999999999999334e-01 -2.068447863454121183e-01 3.378786006772265438e+01
5.599999999999999423e-01 -5.386089010244722308e-01 3.270035906515315816e+01
5.699999999999999512e-01 -8.608519676484752692e-01 3.146553822073509465e+01
5.799999999999999600e-01 -1.167919665439173915e+00 2.953851475453519626e+01
5.899999999999999689e-01 -1.451622262739179048e+00 2.666671137448141593e+01
5.999999999999999778e-01 -1.701253892928802136e+00 2.281139670447253209e+01
6.099999999999999867e-01 -1.907850196828629663e+00 1.814873586569407138e+01
6.199999999999998845e-01 -2.064228610242683448e+00 1.332805727896745474e+01
6.300000000000000044e-01 -2.174411342407978953e+00 9.094643045169313211e+00
6.400000000000000133e-01 -2.246121471146069748e+00 5.702946963932332913e+00
6.499999999999999112e-01 -2.288470281686625363e+00 3.001122328263357453e+00
6.600000000000000311e-01 -2.306143917711337199e+00 8.709800754030116998e-01
6.700000000000000400e-01 -2.305889883194685464e+00 -8.366384860202499274e-01
6.799999999999999378e-01 -2.289411147990931816e+00 -2.078788920058872058e+00
6.899999999999999467e-01 -2.264314104793508253e+00 -2.659182617268442073e+00
7.000000000000000666e-01 -2.236227495645563224e+00 -2.613427796141445825e+00
7.099999999999999645e-01 -2.212045548870679390e+00 -2.254905714058953681e+00
7.199999999999999734e-01 -2.191129381364384177e+00 -1.739039583179235349e+00
7.299999999999998712e-01 -2.177264757207094448e+00 -1.122845828234328103e+00
7.399999999999999911e-01 -2.168672464799697774e+00 -6.969791449965978547e-01
7.500000000000000000e-01 -2.163325174307162424e+00 -8.972543616032885305e-01
7.599999999999998979e-01 -2.150727377567631660e+00 -1.859047367266037254e+00
7.699999999999999067e-01 -2.126144226961841799e+00 -3.401324890055098304e+00
7.800000000000000266e-01 -2.082700879766529845e+00 -5.280413309029537317e+00
7.899999999999999245e-01 -2.020535960781251195e+00 -7.068118288440915720e+00
7.999999999999999334e-01 -1.941338513997711512e+00 -8.402388737412195496e+00
8.100000000000000533e-01 -1.852488186033007134e+00 -9.197879000708576669e+00
8.199999999999999512e-01 -1.757380933983540006e+00 -9.439179181753397430e+00
8.299999999999999600e-01 -1.663704602397939381e+00 -9.170191305141544902e+00
8.399999999999999689e-01 -1.573977107880709214e+00 -8.734634295581102492e+00
8.499999999999999778e-01 -1.489011916486317366e+00 -8.507260774671875581e+00
8.599999999999999867e-01 -1.403831892387271685e+00 -8.587729449727731890e+00
8.699999999999999956e-01 -1.317257327491762720e+00 -8.902321973795039867e+00
8.799999999999998934e-01 -1.225785452911370976e+00 -9.332143076057095143e+00
8.900000000000000133e-01 -1.130614465970620763e+00 -9.598135242294553393e+00
8.999999999999999112e-01 -1.033822748065479802e+00 -9.393156182870553650e+00
9.099999999999999201e-01 -9.427513423132097836e-01 -8.702450087769772580e+00
9.199999999999999289e-01 -8.597737463100844080e-01 -7.826031605489917276e+00
9.299999999999999378e-01 -7.862307102034113981e-01 -6.990534290078095125e+00
9.399999999999999467e-01 -7.199630605085225454e-01 -6.227300616482593476e+00
9.499999999999999556e-01 -6.616846978737596086e-01 -5.517675584266429567e+00
9.599999999999999645e-01 -6.096095488231939585e-01 -4.927107437683472924e+00
9.699999999999999734e-01 -5.631425491200900968e-01 -4.536389643822785978e+00
9.799999999999999822e-01 -5.188817559467382434e-01 -4.440036018873298573e+00
9.899999999999998801e-01 -4.743418287426241498e-01 -4.593522753464578834e+00
1.000000000000000000e+00 -4.270113008774466534e-01 -4.804056248065001533e+00
1.010000000000000009e+00 -3.782607037813241480e-01 -4.912667832388939892e+00
1.020000000000000018e+00 -3.287579442296678645e-01 -4.890636737932034350e+00
1.029999999999999805e+00 -2.804479690226834299e-01 -4.753387162144583122e+00
1.040000000000000036e+00 -2.336902009867762031e-01 -4.570655979912953804e+00
1.050000000000000044e+00 -1.890348494244243893e-01 -4.370384921622637364e+00
1.059999999999999831e+00 -1.462825025543234847e-01 -4.114375924115939220e+00
1.069999999999999840e+00 -1.067473309421056171e-01 -3.756353732968847225e+00
1.080000000000000071e+00 -7.115542789494654075e-02 -3.313915935184034378e+00
1.089999999999999858e+00 -4.046901223842493817e-02 -2.809299584555665419e+00
1.099999999999999867e+00 -1.496943620383323764e-02 -2.260230173038956458e+00
1.109999999999999876e+00 4.735591222354189680e-03 -1.664360709554151052e+00
1.119999999999999885e+00 1.831777798724978229e-02 -1.054275783695888924e+00
1.129999999999999893e+00 2.582110689627196976e-02 -4.885626292948995197e-01
1.139999999999999902e+00 2.808903057314777324e-02 -3.440868734904631299e-02
1.149999999999999911e+00 2.650928064325289504e-02 2.790284671286152318e-01
1.159999999999999920e+00 2.250846123057546888e-02 1.026473497216906949e+00
1.169999999999999929e+00 5.979810698914756265e-03 1.088114212310397733e+00
1.179999999999999938e+00 7.461769843675125028e-04 2.950669241067130355e-01
1.189999999999999947e+00 7.847221678049538644e-05 3.730884921837562818e-02
1.199999999999999956e+00 0.000000000000000000e+00 7.847221678049538102e-03
