0.000000000000000000e+00 1.054965596765194249e+02 3.216614175921656624e+02
1.000000000000000021e-02 1.022799455005977620e+02 3.216614175921656624e+02
2.000000000000000042e-02 9.906333132467611335e+01 3.216614175921656624e+02
2.999999999999999889e-02 9.584671714875445048e+01 3.216614175921656624e+02
4.000000000000000083e-02 9.263010297283280181e+01 3.216614175921656624e+02
4.999999999999999584e-02 8.941348879691113893e+01 3.216614175921656624e+02
5.999999999999999778e-02 8.619687462098949027e+01 3.216614175921656624e+02
6.999999999999999278e-02 8.298026044506782739e+01 3.216614175921656624e+02
8.000000000000000167e-02 7.976364626914616451e+01 3.216614175921656624e+02
8.999999999999999667e-02 7.654703209322451585e+01 3.216614175921656624e+02
9.999999999999999167e-02 7.333041791730285297e+01 3.216614175921656624e+02
1.099999999999999867e-01 7.011380374138120430e+01 3.216614175921656624e+02
1.199999999999999956e-01 6.689718956545954143e+01 3.216614175921656624e+02
1.300000000000000044e-01 6.368057538953788566e+01 3.216614175921656624e+02
1.399999999999999856e-01 6.046396121361622988e+01 3.216614175921656624e+02
1.499999999999999944e-01 5.724734703769457411e+01 3.216614175921656624e+02
1.600000000000000033e-01 5.403073286177291834e+01 3.216614175921656624e+02
1.699999999999999845e-01 5.081411868585126257e+01 3.216614175921656624e+02
1.799999999999999933e-01 4.759750450992960680e+01 3.216614175921656624e+02
1.899999999999999745e-01 4.438089033400795103e+01 3.216614175921656624e+02
1.999999999999999833e-01 4.116427615808629525e+01 3.216614175921656624e+02
2.099999999999999922e-01 3.794766198216463948e+01 3.216614175921656624e+02
2.199999999999999734e-01 3.473104780624298371e+01 3.216614175921656624e+02
2.299999999999999822e-01 3.151443363032132439e+01 3.216614175921662309e+02
2.399999999999999911e-01 2.829781945439965796e+01 3.216614175921661172e+02
2.500000000000000000e-01 2.508120527847800574e+01 3.216614175921653782e+02
2.600000000000000089e-01 2.186459110255634997e+01 3.216614175921654919e+02
2.700000000000000178e-01 1.864797692663469419e+01 3.216614175921656624e+02
2.799999999999999711e-01 1.543136275071303842e+01 3.216614175921656624e+02
2.899999999999999800e-01 1.221474857479138265e+01 3.216614175921656624e+02
2.999999999999999889e-01 8.998134398869725104e+00 3.216614175921650940e+02
3.099999999999999423e-01 5.781520222948079990e+00 2.475184674342132212e+02
3.200000000000000067e-01 4.047765050185462066e+00 1.582643130581082005e+02
3.300000000000000155e-01 2.616233961785916495e+00 1.296054251606246339e+02
3.399999999999999689e-01 1.455656546972969423e+00 1.042744131278218589e+02
3.500000000000000333e-01 5.307456992294798948e-01 8.148161191631415079e+01
3.599999999999999867e-01 -1.739756913533135052e-01 6.077529855753468269e+01
3.699999999999999956e-01 -6.847602719212138034e-01 4.256189273025467656e+01
3.799999999999999489e-01 -1.025213545958407080e+00 2.741542208109123280e+01
3.900000000000000133e-01 -1.233068713543038264e+00 1.609592833866349082e+01
3.999999999999999667e-01 -1.347132112731676878e+00 8.586895286590932486e+00
4.099999999999999756e-01 -1.404806619274856949e+00 4.060358155464956376e+00
4.199999999999999845e-01 -1.428339275840975864e+00 9.826232031308483883e-01
4.299999999999999933e-01 -1.424459083337473952e+00 -2.119996038803692695e+00
4.399999999999999467e-01 -1.385939355064901957e+00 -6.034795785051858097e+00
4.499999999999999556e-01 -1.303763167636436737e+00 -1.022329227148315667e+01
4.599999999999999645e-01 -1.181473509635238894e+00 -1.356272398245054411e+01
4.699999999999999734e-01 -1.032508687987425899e+00 -1.529171376328263854e+01
4.799999999999999822e-01 -8.756392343695861280e-01 -1.548397924827426486e+01
4.899999999999999911e-01 -7.228291030219406998e-01 -1.465876689712117553e+01
5.000000000000000000e-01 -5.824638964271626751e-01 -1.333705856377903309e+01
5.100000000000000089e-01 -4.560879317463600868e-01 -1.162677673740459028e+01
5.200000000000000178e-01 -3.499283616790709317e-01 -9.449124833080734476e+00
5.299999999999999156e-01 -2.671054350847454351e-01 -6.820921331268888999e+00
5.400000000000000355e-01 -2.135099350536931451e-01 -4.234980410980508481e+00
5.499999999999999334e-01 -1.824058268651352621e-01 -2.331375049171043212e+00
5.599999999999999423e-01 -1.668824340702722842e-01 -1.173846139146904610e+00
5.699999999999999512e-01 -1.589289040821971755e-01 -3.852385283542669181e-01
5.799999999999999600e-01 -1.591776635031869613e-01 3.563208588363985241e-01
5.899999999999999689e-01 -1.660553212589251648e-01 9.120330655797898034e-01
5.999999999999999778e-01 -1.774183248147827574e-01 1.107310833001894146e+00
6.099999999999999867e-01 -1.882015379189630466e-01 1.008312822079820092e+00
6.199999999999998845e-01 -1.975845812563791493e-01 1.162113515187289892e+00
6.300000000000000044e-01 -2.114438082227088345e-01 1.934427507371174526e+00
6.400000000000000133e-01 -2.362731314038026553e-01 3.013514742084051790e+00
6.499999999999999112e-01 -2.717141030643898669e-01 3.663578093121143464e+00
6.600000000000000311e-01 -3.095446932662255235e-01 3.332223434886699476e+00
6.700000000000000400e-01 -3.383585717621238609e-01 1.816225901001343512e+00
6.799999999999999378e-01 -3.458692112862523649e-01 -3.893615308212753923e-01
6.899999999999999467e-01 -3.305713411456983608e-01 -2.316491228451363682e+00
7.000000000000000666e-01 -2.995393867172250757e-01 -3.040853309027049090e+00
7.099999999999999645e-01 -2.697542749651573590e-01 -2.248692623548231850e+00
7.199999999999999734e-01 -2.545655342462604942e-01 -6.271186713267453694e-01
7.299999999999998712e-01 -2.572119015386224450e-01 8.152682051982464984e-01
7.399999999999999911e-01 -2.708708983502253753e-01 1.522841339242726910e+00
7.500000000000000000e-01 -2.876687283234770076e-01 1.496591199840455300e+00
7.599999999999998979e-01 -3.008027223470344791e-01 1.074529156713325717e+00
7.699999999999999067e-01 -3.091593114577435020e-01 6.216832590453894580e-01
7.800000000000000266e-01 -3.132363875279423060e-01 2.725604702989885553e-01
7.899999999999999245e-01 -3.146105208637232642e-01 4.278305529708253258e-02
7.999999999999999334e-01 -3.140920486338839579e-01 -1.084813441958812352e-01
8.100000000000000533e-01 -3.124408939798056228e-01 -2.490352508996755698e-01
8.199999999999999512e-01 -3.091113436158904326e-01 -4.399096077451711273e-01
8.299999999999999600e-01 -3.036427018249022169e-01 -6.019866656790447967e-01
8.399999999999999689e-01 -2.970716103023095522e-01 -6.527857353581575373e-01
8.499999999999999778e-01 -2.905869871177390595e-01 -6.254354639239606550e-01
8.599999999999999867e-01 -2.845629010238303058e-01 -6.462468543410554433e-01
8.699999999999999956e-01 -2.776620500309179840e-01 -8.159228045230109139e-01
8.799999999999998934e-01 -2.682444449333700742e-01 -1.074813164460570736e+00
8.900000000000000133e-01 -2.561657867417065360e-01 -1.381652609589620662e+00
8.999999999999999112e-01 -2.406113927415776954e-01 -1.764824317995139280e+00
9.099999999999999201e-01 -2.208693003818037737e-01 -2.183592254610704497e+00
9.199999999999999289e-01 -1.969395476493636110e-01 -2.556693250612557033e+00
9.299999999999999378e-01 -1.697354353695526286e-01 -2.808909842005000268e+00
9.399999999999999467e-01 -1.407613508092636079e-01 -2.817417147492755181e+00
9.499999999999999556e-01 -1.133870924196975355e-01 -2.559619863874683432e+00
9.599999999999999645e-01 -8.956895353176992647e-02 -2.090333900831149450e+00
9.699999999999999734e-01 -7.158041440307454095e-02 -1.554147176178096057e+00
9.799999999999999822e-01 -5.848601000820801560e-02 -1.140041116050424685e+00
9.899999999999998801e-01 -4.877959208206604502e-02 -9.553296770219685818e-01
1.000000000000000000e+00 -3.937941646776864368e-02 -9.581347401945914388e-01
1.010000000000000009e+00 -2.961689727817422291e-02 -1.013432521349025839e+00
1.020000000000000018e+00 -1.911076604078813107e-02 -1.009513752808031128e+00
1.029999999999999805e+00 -9.426622222013602767e-03 -9.127225402215650707e-01
1.040000000000000036e+00 -8.563152363568320722e-04 -7.627135736681510680e-01
1.050000000000000044e+00 5.827649251349416824e-03 -5.954825197007059812e-01
1.059999999999999831e+00 1.105333515765728747e-02 -4.329640724243113969e-01
1.069999999999999840e+00 1.448693069983564459e-02 -2.552586792265507665e-01
1.080000000000000071e+00 1.615850874218830238e-02 -6.186993491357001967e-02
1.089999999999999858e+00 1.572432939810704602e-02 1.338529990569847783e-01
1.099999999999999867e+00 1.348144876104860786e-02 3.016621285945060849e-01
1.109999999999999876e+00 9.691086826216922800e-03 4.145183993922816890e-01
1.119999999999999885e+00 5.191080773202973696e-03 4.420308603524545910e-01
1.129999999999999893e+00 8.504696191678311201e-04 3.979965646592274475e-01
1.139999999999999902e+00 -2.768850519981574509e-03 3.192399186909576914e-01
1.149999999999999911e+00 -5.534328754651322152e-03 2.207139230261102036e-01
1.159999999999999920e+00 -7.183128980503778425e-03 -1.650783016858241858e-01
1.169999999999999929e+00 -2.232762720934838852e-03 -3.426215824342081495e-01
1.179999999999999938e+00 -3.306973318196150470e-04 -1.098694483378661602e-01
1.189999999999999947e+00 -3.537375417751607360e-05 -1.653486659098075268e-02
1.199999999999999956e+00 0.000000000000000000e+00 -3.537375417751607767e-03
