0.000000000000000000e+00 5.909596404613729828e+04 9.131688256008209428e+05
1.000000000000000021e-02 4.996427579012908973e+04 8.428373723921970231e+05
2.000000000000000042e-02 4.223921659829335113e+04 7.129906109504631022e+05
2.999999999999999889e-02 3.570446357111982798e+04 6.031141458554002456e+05
4.000000000000000083e-02 3.017693368118535000e+04 5.101392576370264869e+05
4.999999999999999584e-02 2.550167841837929882e+04 4.314685643374730716e+05
5.999999999999999778e-02 2.154756239443588856e+04 3.649036439601049060e+05
6.999999999999999278e-02 1.820360553917719881e+04 3.085837696848816704e+05
8.000000000000000167e-02 1.537588700073825567e+04 2.609340517182054464e+05
8.999999999999999667e-02 1.298492450481309061e+04 2.206215415773472341e+05
9.999999999999999167e-02 1.096345616919131317e+04 1.865180763294339122e+05
1.099999999999999867e-01 9.254562978224412291e+03 1.576688279860618350e+05
1.199999999999999956e-01 7.810079609470075411e+03 1.332656821225149615e+05
1.300000000000000044e-01 6.589249335774113206e+03 1.126247042688826914e+05
1.399999999999999856e-01 5.557585524092422020e+03 9.516706645312381443e+04
1.499999999999999944e-01 4.685908006711637427e+03 8.040290263308295107e+04
1.600000000000000033e-01 3.949527471430762944e+03 6.791764331831659365e+04
1.699999999999999845e-01 3.327555140345305517e+03 5.736044872453888820e+04
1.799999999999999933e-01 2.802318496939984925e+03 4.843441824582137633e+04
1.899999999999999745e-01 2.358866775428878100e+03 4.088830349968683731e+04
1.999999999999999833e-01 1.984552426946248488e+03 3.450949407536799117e+04
2.099999999999999922e-01 1.668676893921518285e+03 2.911808056172847864e+04
2.199999999999999734e-01 1.402190815711679079e+03 2.456182943564592642e+04
2.299999999999999822e-01 1.177440305208599966e+03 2.071192978948852397e+04
2.399999999999999911e-01 9.879522199219085223e+02 1.745939337488589445e+04
2.500000000000000000e-01 8.282524377108819635e+02 1.471200763792339603e+04
2.600000000000000089e-01 6.937120671634405653e+02 1.239175682489580140e+04
2.700000000000000178e-01 5.804173012129659810e+02 1.043263927678587424e+04
2.799999999999999711e-01 4.850592816277231805e+02 8.778820067765340355e+03
2.899999999999999800e-01 4.048408998576592239e+02 7.383067485587284864e+03
2.999999999999999889e-01 3.373979319159774946e+02 6.205429759911066867e+03
3.099999999999999423e-01 2.807323046594378866e+02 5.212115138593454503e+03
3.200000000000000067e-01 2.331556291441084170e+02 4.374544078199579417e+03
3.300000000000000155e-01 1.932414230954462937e+02 3.668547111226778725e+03
3.399999999999999689e-01 1.597846869195728345e+02 3.073686012360262339e+03
3.500000000000000333e-01 1.317677028482410435e+02 2.572679322553446127e+03
3.599999999999999867e-01 1.083311004685039194e+02 2.150916198551300113e+03
3.699999999999999956e-01 8.874937887721505092e+01 1.796045017661501106e+03
3.799999999999999489e-01 7.241020011527389499e+01 1.497625251700868375e+03
3.900000000000000133e-01 5.879687384319768739e+01 1.246832888148436041e+03
3.999999999999999667e-01 4.747354235230518071e+01 1.229473104252754410e+03
4.099999999999999756e-01 3.420741175814259805e+01 1.396248647926826834e+03
4.199999999999999845e-01 1.954856939376864844e+01 1.073567632426517548e+03
4.299999999999999933e-01 1.273605910961225085e+01 5.430814696587043500e+02
4.399999999999999467e-01 8.686940000594564282e+00 3.169701251893993117e+02
4.499999999999999556e-01 6.396656605824264652e+00 1.400930105244253809e+02
4.599999999999999645e-01 5.885079790106057196e+00 6.619491060709462715e+01
4.699999999999999734e-01 5.072758393682372358e+00 8.419744949290854663e+01
4.799999999999999822e-01 4.201130800247886654e+00 8.475566575257118984e+01
4.899999999999999911e-01 3.377645078630948650e+00 7.796067617188930399e+01
5.000000000000000000e-01 2.641917276810100468e+00 6.957409140059804997e+01
5.100000000000000089e-01 1.986163250618987908e+00 6.260378383743534414e+01
5.200000000000000178e-01 1.389841600061393789e+00 5.719192032810256165e+01
5.299999999999999156e-01 8.423248440569366391e-01 5.251989381717564953e+01
5.400000000000000355e-01 3.394437237178808409e-01 4.815571788164395883e+01
5.499999999999999334e-01 -1.207895135759424615e-01 4.388521312733895741e+01
5.599999999999999423e-01 -5.382605388288981274e-01 3.951791913019098956e+01
5.699999999999999512e-01 -9.111478961797621068e-01 3.497566654834189848e+01
5.799999999999999600e-01 -1.237773869795736115e+00 3.037676359322318120e+01
5.899999999999999689e-01 -1.518683168044225651e+00 2.606917240356217391e+01
5.999999999999999778e-01 -1.759157317866979486e+00 2.237802336792897862e+01
6.099999999999999867e-01 -1.966243635402805223e+00 1.919911889538888872e+01
6.199999999999998845e-01 -2.143139695774757048e+00 1.616103410608607049e+01
6.300000000000000044e-01 -2.289464317524526393e+00 1.310356002342328097e+01
6.400000000000000133e-01 -2.405210896243222596e+00 1.007614684410390460e+01
6.499999999999999112e-01 -2.490987254406604734e+00 7.125856589108981787e+00
6.600000000000000311e-01 -2.547728028025402214e+00 4.442068763184028768e+00
6.700000000000000400e-01 -2.579828629670285256e+00 2.286356878223257727e+00
6.799999999999999378e-01 -2.593455165589867661e+00 5.815909899354315682e-01
6.899999999999999467e-01 -2.591460449468993676e+00 -9.925431064024446970e-01
7.000000000000000666e-01 -2.573604303461818787e+00 -2.596105998298961381e+00
7.099999999999999645e-01 -2.539538329503014502e+00 -4.161857324321923457e+00
7.199999999999999734e-01 -2.490367156975380247e+00 -5.451401586468383798e+00
7.299999999999998712e-01 -2.430510297773647022e+00 -6.276366809922351742e+00
7.399999999999999911e-01 -2.364839820776932999e+00 -6.896263122087472830e+00
7.500000000000000000e-01 -2.292585035331897281e+00 -7.722199074332257496e+00
7.599999999999998979e-01 -2.210395839290288045e+00 -8.642051952334915299e+00
7.699999999999999067e-01 -2.119743996285199383e+00 -9.215792547468517171e+00
7.800000000000000266e-01 -2.026079988340917737e+00 -9.427360860078085381e+00
7.899999999999999245e-01 -1.931196779083637516e+00 -9.713164449686038537e+00
7.999999999999999334e-01 -1.831816699347196931e+00 -1.025697229255587395e+01
8.100000000000000533e-01 -1.726057333232519975e+00 -1.078304504029595989e+01
8.199999999999999512e-01 -1.616155798541277777e+00 -1.112547859896405456e+01
8.299999999999999600e-01 -1.503547761253239079e+00 -1.138270824023303085e+01
8.399999999999999689e-01 -1.388501633736617169e+00 -1.157152515334417409e+01
8.499999999999999778e-01 -1.272117258186355571e+00 -1.158376762037136842e+01
8.599999999999999867e-01 -1.156826281329189854e+00 -1.136093240901471368e+01
8.699999999999999956e-01 -1.044898610006061324e+00 -1.093863592464232148e+01
8.799999999999998934e-01 -9.380535628363433354e-01 -1.044783499277786731e+01
8.900000000000000133e-01 -8.359419101505040084e-01 -9.992676560613755754e+00
8.999999999999999112e-01 -7.382000316240683313e-01 -9.503686886854124438e+00
9.099999999999999201e-01 -6.458681724134215374e-01 -8.891870842896452132e+00
9.199999999999999289e-01 -5.603626147661392443e-01 -8.180684626863252262e+00
9.299999999999999378e-01 -4.822544798761564944e-01 -7.426524356335079347e+00
9.399999999999999467e-01 -4.118321276394377173e-01 -6.673387126690217386e+00
9.499999999999999556e-01 -3.487867373423521600e-01 -5.967457244067308153e+00
9.599999999999999645e-01 -2.924829827580915920e-01 -5.323881842048302282e+00
9.699999999999999734e-01 -2.423091005013860988e-01 -4.704285771283094775e+00
9.799999999999999822e-01 -1.983972673324297109e-01 -4.061381193872612094e+00
9.899999999999998801e-01 -1.610814766239338780e-01 -3.390849584905159197e+00
1.000000000000000000e+00 -1.305802756343265314e-01 -2.752761429205084376e+00
1.010000000000000009e+00 -1.060262480398321966e-01 -2.212021174341832985e+00
1.020000000000000018e+00 -8.633985214748987613e-02 -1.760167496233461915e+00
1.029999999999999805e+00 -7.082289811516297162e-02 -1.378653781968248948e+00
1.040000000000000036e+00 -5.876677650812489606e-02 -1.057773981686794151e+00
1.050000000000000044e+00 -4.966741848142708360e-02 -7.636231155168813345e-01
1.059999999999999831e+00 -4.349431419778726493e-02 -4.869767568993653151e-01
1.069999999999999840e+00 -3.992788334343978091e-02 -2.735814854168065469e-01
1.080000000000000071e+00 -3.802268448945114038e-02 -1.637244965424558274e-01
1.089999999999999858e+00 -3.665339341259066241e-02 -1.300521612467992749e-01
1.099999999999999867e+00 -3.542164126451514961e-02 -1.139245031259626673e-01
1.109999999999999876e+00 -3.437490335007140768e-02 -1.022699582474215357e-01
1.119999999999999885e+00 -3.337624209956672333e-02 -9.858904959366593390e-02
1.129999999999999893e+00 -3.240312235819808873e-02 -9.353719300038333684e-02
1.139999999999999902e+00 -3.150549823955905299e-02 -1.116857054377037445e-01
1.149999999999999911e+00 -3.016940824944401578e-02 -2.018700622744743767e-01
1.159999999999999920e+00 -2.746809699406956712e-02 -1.357005310877317239e+00
1.169999999999999929e+00 -3.029302031897674816e-03 -1.352912059964010316e+00
1.179999999999999938e+00 -4.098557947893635939e-04 -1.472574720683292315e-01
1.189999999999999947e+00 -8.415259053109046153e-05 -2.049278973946818197e-02
1.199999999999999956e+00 0.000000000000000000e+00 -8.415259053109047996e-03
