0.000000000000000000e+00 2.790563150400000154e+02 9.654063973333335298e+02
1.001999999999999939e-02 2.694022371200000521e+02 9.654063973333335298e+02
1.998000000000000123e-02 2.597482010400000263e+02 9.654063973333335298e+02
2.999999999999999889e-02 2.500941231200000061e+02 9.654063973333335298e+02
4.001999999999999308e-02 2.404400452000000143e+02 9.654063973333335298e+02
4.997999999999999665e-02 2.307860091200000454e+02 9.654063973333335298e+02
5.999999999999999778e-02 2.211319312000000252e+02 9.654063973333335298e+02
7.001999999999999891e-02 2.114778951200000279e+02 9.654063973333335298e+02
7.997999999999999554e-02 2.018238172000000077e+02 9.654063973333335298e+02
8.999999999999999667e-02 1.921697392800000159e+02 9.654063973333335298e+02
1.000199999999999839e-01 1.825157032000000186e+02 9.654063973333335298e+02
1.099799999999999944e-01 1.728616252800000268e+02 9.654063973333335298e+02
1.199999999999999956e-01 1.632075473600000066e+02 9.654063973333335298e+02
1.300199999999999967e-01 1.535535112800000377e+02 9.654063973333335298e+02
1.399799999999999933e-01 1.438994333600000175e+02 9.654063973333335298e+02
1.499999999999999944e-01 1.342453554400000257e+02 9.654063973333335298e+02
1.600199999999999956e-01 1.245913193600000142e+02 9.654063973333335298e+02
1.699799999999999922e-01 1.149372414400000082e+02 9.654063973333335298e+02
1.799999999999999933e-01 1.052831635200000164e+02 9.654063973333335298e+02
1.900199999999999945e-01 9.562912744000000487e+01 9.654063973333335298e+02
1.999799999999999911e-01 8.597504952000001310e+01 9.654063973333335298e+02
2.099999999999999922e-01 7.632097160000000713e+01 9.654063973333335298e+02
2.200200000000000211e-01 6.666693551999999556e+01 9.654063973333335298e+02
2.299799999999999622e-01 5.701285760000001090e+01 9.654063973333335298e+02
2.399999999999999911e-01 4.735877968000000493e+01 9.654063973333335298e+02
2.500200000000000200e-01 3.770474360000000758e+01 9.654063973333335298e+02
2.599799999999999889e-01 2.805066568000000160e+01 9.654063973333335298e+02
2.700000000000000178e-01 1.839658776000000273e+01 9.654063973333335298e+02
2.800199999999999911e-01 8.742551680000000047e+00 6.753851850666668497e+02
2.899800000000000155e-01 4.888878480000000692e+00 3.406266922666667369e+02
2.999999999999999889e-01 1.929995520000000298e+00 2.459432604000000424e+02
3.100200000000000178e-01 -2.995744000000000185e-02 1.700767409333333831e+02
3.199799999999999867e-01 -1.471512800000000176e+00 1.273620757333333700e+02
3.300000000000000155e-01 -2.577218480000000422e+00 1.007205254666666860e+02
3.400199999999999889e-01 -3.485941440000000391e+00 8.185256826666667962e+01
3.499800000000000133e-01 -4.214250320000000549e+00 6.583433346666667774e+01
3.599999999999999867e-01 -4.802646240000000510e+00 4.979643386666668192e+01
3.700200000000000156e-01 -5.210209680000001065e+00 3.053497146666667561e+01
3.799799999999999844e-01 -5.413342880000000967e+00 1.306202960000000246e+01
3.900000000000000133e-01 -5.471416800000000968e+00 -3.038420800000000366e+00
4.000199999999999867e-01 -5.352549360000000256e+00 -2.226906106666666929e+01
4.099800000000000111e-01 -5.026030000000000442e+00 -3.963949493333333862e+01
4.199999999999999845e-01 -4.559765040000000269e+00 -4.886089146666667915e+01
4.300200000000000133e-01 -4.048814960000000518e+00 -4.728422080000000705e+01
4.399799999999999822e-01 -3.614097360000000592e+00 -3.903790546666667183e+01
4.499999999999999556e-01 -3.268080560000000467e+00 -3.152734653333333981e+01
4.600199999999999845e-01 -2.983526720000000410e+00 -2.404858600000000379e+01
4.699799999999999534e-01 -2.787087920000000274e+00 -2.050843386666667101e+01
4.799999999999999822e-01 -2.573369200000000134e+00 -1.797034973333333596e+01
4.900199999999999556e-01 -2.427682320000000171e+00 -1.596865440000000369e+01
4.999799999999999800e-01 -2.254004480000000310e+00 -1.213583146666666757e+01
5.100000000000000089e-01 -2.184968480000000213e+00 -7.229673066666667758e+00
5.200200000000000378e-01 -2.109405440000000187e+00 -7.121656133333334360e+00
5.299800000000000066e-01 -2.042545120000000214e+00 -7.900507733333334670e+00
5.400000000000000355e-01 -1.951375760000000126e+00 -9.696977866666667722e+00
5.500199999999999534e-01 -1.848616720000000324e+00 -1.173744493333333594e+01
5.599800000000000333e-01 -1.716653360000000239e+00 -1.185627053333333691e+01
5.699999999999999512e-01 -1.611467600000000333e+00 -1.463807266666666784e+01
5.800199999999999800e-01 -1.423898880000000089e+00 -2.104147546666667168e+01
5.899799999999999489e-01 -1.190640880000000124e+00 -2.473183320000000407e+01
5.999999999999999778e-01 -9.292664000000001590e-01 -2.225894973333333837e+01
6.100199999999998957e-01 -7.454632800000000614e-01 -1.844139840000000419e+01
6.199800000000000866e-01 -5.604049600000000630e-01 -1.695510213333333738e+01
6.300000000000000044e-01 -4.063500800000000024e-01 -1.421590706666666826e+01
6.400199999999999223e-01 -2.761021600000000409e-01 -7.995554266666667687e+00
6.499799999999998912e-01 -2.464794400000000218e-01 -4.610070666666667982e-01
6.600000000000000311e-01 -2.668973600000000279e-01 3.095532400000000628e+00
6.700199999999999489e-01 -3.083608000000000460e-01 5.015709466666668170e+00
6.799799999999999178e-01 -3.671878400000000431e-01 8.777055733333336107e+00
6.899999999999999467e-01 -4.839214400000000915e-01 1.458758573333333608e+01
7.000199999999999756e-01 -6.589381600000000505e-01 1.777893173333333721e+01
7.099799999999999445e-01 -8.394777600000001838e-01 1.951027093333333795e+01
7.199999999999999734e-01 -1.049138000000000126e+00 2.200672426666666937e+01
7.300199999999998912e-01 -1.279634560000000087e+00 2.244653240000000594e+01
7.399799999999999711e-01 -1.498081200000000113e+00 2.282260426666667286e+01
7.500000000000000000e-01 -1.736067120000000186e+00 2.263362693333333908e+01
7.600199999999999179e-01 -1.950748160000000286e+00 1.886335480000000331e+01
7.699799999999999978e-01 -2.113338400000000394e+00 1.488053546666667160e+01
7.800000000000000266e-01 -2.248356080000000201e+00 1.227836640000000301e+01
7.900199999999999445e-01 -2.358897360000000276e+00 8.483338933333335774e+00
7.999799999999999134e-01 -2.418017280000000380e+00 5.491988133333334687e+00
8.100000000000000533e-01 -2.468769200000000108e+00 3.101599200000000778e+00
8.200199999999999712e-01 -2.480066000000000326e+00 -5.230000000000001141e-03
8.299799999999999400e-01 -2.468643680000000451e+00 -2.519674533333334132e+00
8.399999999999999689e-01 -2.429690640000000457e+00 -4.694029600000001246e+00
8.500199999999999978e-01 -2.374754720000000319e+00 -5.365003733333334246e+00
8.599799999999999667e-01 -2.322371040000000164e+00 -7.371580400000000921e+00
8.699999999999999956e-01 -2.227352400000000454e+00 -1.026216653333333539e+01
8.800199999999999134e-01 -2.117145840000000501e+00 -1.161799173333333535e+01
8.899799999999999933e-01 -1.994973040000000086e+00 -1.192879320000000298e+01
8.999999999999999112e-01 -1.878574160000000104e+00 -1.078251666666666964e+01
9.100199999999999401e-01 -1.779329680000000247e+00 -1.190041173333333546e+01
9.199800000000000200e-01 -1.640546400000000071e+00 -1.411653706666666963e+01
9.299999999999999378e-01 -1.496993360000000273e+00 -1.385678040000000166e+01
9.400199999999999667e-01 -1.363398240000000206e+00 -1.474818160000000233e+01
9.499799999999999356e-01 -1.202021360000000039e+00 -1.467907586666667008e+01
9.599999999999999645e-01 -1.069848800000000155e+00 -1.434895826666666885e+01
9.700199999999999934e-01 -9.150407999999999875e-01 -1.505863440000000253e+01
9.799799999999999622e-01 -7.686426400000000436e-01 -1.442615306666666974e+01
9.899999999999998801e-01 -6.265121600000000956e-01 -1.160397533333333442e+01
1.000019999999999909e+00 -5.365561600000000597e-01 -9.116796533333335617e+00
1.009979999999999878e+00 -4.441734400000000860e-01 -1.093279200000000273e+01
1.020000000000000018e+00 -3.179003200000000695e-01 -1.116500400000000148e+01
1.030019999999999936e+00 -2.208733600000000463e-01 -8.496030400000002203e+00
1.039979999999999905e+00 -1.479880800000000218e-01 -7.339084666666668255e+00
1.050000000000000044e+00 -7.409864000000000728e-02 -5.546101200000000730e+00
1.060019999999999962e+00 -3.707024000000000430e-02 -3.753396666666667603e+00
1.069979999999999931e+00 9.623200000000001241e-04 -2.584875200000000373e+00
1.080000000000000071e+00 1.460216000000000118e-02 -1.693404266666666880e+00
1.090019999999999989e+00 3.481088000000000238e-02 -7.957270666666668157e-01
1.099979999999999958e+00 3.054320000000000299e-02 4.881333333333334745e-02
1.110000000000000098e+00 3.384856000000000670e-02 -9.549980000000001246e-01
1.120020000000000016e+00 4.962224000000000496e-02 -1.545290666666666868e-01
1.129979999999999984e+00 3.694472000000000728e-02 1.087840000000000362e+00
1.139999999999999902e+00 2.786544000000000521e-02 1.035888666666666902e+00
1.150020000000000042e+00 1.623392000000000238e-02 8.013057333333335475e-01
1.159980000000000011e+00 1.184072000000000076e-02 3.614976000000000300e-01
1.169999999999999929e+00 8.995600000000001165e-03 5.071705333333333954e-01
1.180019999999999847e+00 1.715440000000000367e-03 4.428764000000000589e-01
1.189980000000000038e+00 1.255200000000000044e-04 8.535360000000001557e-02
1.199999999999999956e+00 0.000000000000000000e+00 1.366773333333333625e-02
