0.000000000000000000e+00 7.562688457346724817e+02 2.873174355881712927e+03
1.000000000000000021e-02 7.275371021758553525e+02 2.873174355881712927e+03
2.000000000000000042e-02 6.988053586170382232e+02 2.873174355881708379e+03
2.999999999999999889e-02 6.700736150582212076e+02 2.873174355881708379e+03
4.000000000000000083e-02 6.413418714994040783e+02 2.873174355881712927e+03
4.999999999999999584e-02 6.126101279405869491e+02 2.873174355881717929e+03
5.999999999999999778e-02 5.838783843817697061e+02 2.873174355881712927e+03
6.999999999999999278e-02 5.551466408229526905e+02 2.873174355881712927e+03
8.000000000000000167e-02 5.264148972641354476e+02 2.873174355881712927e+03
8.999999999999999667e-02 4.976831537053184320e+02 2.873174355881712927e+03
9.999999999999999167e-02 4.689514101465012459e+02 2.873174355881717929e+03
1.099999999999999867e-01 4.402196665876841166e+02 2.873174355881712927e+03
1.199999999999999956e-01 4.114879230288669874e+02 2.873174355881712927e+03
1.300000000000000044e-01 3.827561794700498581e+02 2.873174355881710198e+03
1.399999999999999856e-01 3.540244359112327857e+02 2.873174355881710198e+03
1.499999999999999944e-01 3.252926923524156564e+02 2.873174355881712927e+03
1.600000000000000033e-01 2.965609487935985271e+02 2.873174355881712927e+03
1.699999999999999845e-01 2.678292052347813978e+02 2.873174355881712927e+03
1.799999999999999933e-01 2.390974616759642402e+02 2.873174355881712927e+03
1.899999999999999745e-01 2.103657181171471109e+02 2.873174355881711563e+03
1.999999999999999833e-01 1.816339745583300100e+02 2.873174355881711563e+03
2.099999999999999922e-01 1.529022309995129092e+02 2.873174355881712927e+03
2.199999999999999734e-01 1.241704874406957657e+02 2.873174355881712927e+03
2.299999999999999822e-01 9.543874388187863644e+01 2.873174355881717474e+03
2.399999999999999911e-01 6.670700032306143612e+01 2.873174355881716565e+03
2.500000000000000000e-01 3.797525676424431396e+01 2.873174355881712472e+03
2.600000000000000089e-01 9.243513205427190016e+00 1.718024249125266124e+03
2.700000000000000178e-01 3.614771781738990608e+00 4.214907805397015181e+02
2.799999999999999711e-01 8.136975946331608256e-01 2.183380802333290944e+02
2.899999999999999800e-01 -7.519898229275904233e-01 1.187962162895689318e+02
2.999999999999999889e-01 -1.562226731158217641e+00 5.337762804710823161e+01
3.099999999999999423e-01 -1.819542383869754865e+00 5.341888070773536334e+00
3.200000000000000067e-01 -1.669064492573688385e+00 -2.667797823978226290e+01
3.300000000000000155e-01 -1.285982819074109829e+00 -3.627354615808144445e+01
3.399999999999999689e-01 -9.435935694120595185e-01 -2.211339889536697356e+01
3.500000000000000333e-01 -8.437148411667704240e-01 -1.117823913955328985e+00
3.599999999999999867e-01 -9.212370911329529344e-01 6.495968927375074031e+00
3.699999999999999956e-01 -9.736342197142718868e-01 2.625550185070540721e+00
3.799999999999999489e-01 -9.737480948343637532e-01 7.662142055711691491e-01
3.900000000000000133e-01 -9.889585038256952787e-01 3.896864093359268644e+00
3.999999999999999667e-01 -1.051685376701549046e+00 7.568795908228367786e+00
4.099999999999999756e-01 -1.140334421990262692e+00 9.361342652893851479e+00
4.199999999999999845e-01 -1.238912229759426165e+00 9.631653966336985562e+00
4.299999999999999933e-01 -1.332967501317002368e+00 8.583471217117381258e+00
4.399999999999999467e-01 -1.410581654101773719e+00 5.732490957934113673e+00
4.499999999999999556e-01 -1.447617320475684588e+00 6.723416493332752264e-01
4.599999999999999645e-01 -1.424028487088439210e+00 -5.660039593948795300e+00
4.699999999999999734e-01 -1.334416528596708673e+00 -1.130556418753447012e+01
4.799999999999999822e-01 -1.197917203337749870e+00 -1.469058389961689493e+01
4.899999999999999911e-01 -1.040604850604370801e+00 -1.565675836133466703e+01
5.000000000000000000e-01 -8.847820361110564358e-01 -1.492741078606553806e+01
5.100000000000000089e-01 -7.420566348830600623e-01 -1.331809843396908555e+01
5.200000000000000178e-01 -6.184200674316747692e-01 -1.144272614129229559e+01
5.299999999999999156e-01 -5.132021120572142214e-01 -9.736370426716456805e+00
5.400000000000000355e-01 -4.236926588973456420e-01 -8.462458112304737767e+00
5.499999999999999334e-01 -3.439529498111195127e-01 -7.420595445945687096e+00
5.599999999999999423e-01 -2.752807499784318823e-01 -6.245628233183478706e+00
5.699999999999999512e-01 -2.190403851474499175e-01 -4.873893585940414219e+00
5.799999999999999600e-01 -1.778028782596236257e-01 -3.501212205647479259e+00
5.899999999999999689e-01 -1.490161410345003379e-01 -2.467544867338606007e+00
5.999999999999999778e-01 -1.284519809128515100e-01 -2.116829018206522139e+00
6.099999999999999867e-01 -1.066795606703699051e-01 -2.457353029485650264e+00
6.199999999999998845e-01 -7.930492032313850304e-02 -3.215264670481265075e+00
6.300000000000000044e-01 -4.237426726074461358e-02 -3.987360391889475775e+00
6.400000000000000133e-01 4.422875146510066280e-04 -4.272631210584596495e+00
6.499999999999999112e-01 4.307835695094731215e-02 -3.763630469339391826e+00
6.600000000000000311e-01 7.571489690143883011e-02 -2.559622810934411685e+00
6.700000000000000400e-01 9.427081316963553670e-02 -1.064130378796224408e+00
6.799999999999999378e-01 9.699750447736332770e-02 2.657598967085498809e-01
6.899999999999999467e-01 8.895561523546453853e-02 1.104834999238759163e+00
7.000000000000000666e-01 7.490080449258813833e-02 1.409595579222910455e+00
7.099999999999999645e-01 6.076370365100632748e-02 1.271276766814284143e+00
7.199999999999999734e-01 4.947526915630245936e-02 8.731351956321410368e-01
7.299999999999998712e-01 4.330099973836350896e-02 4.659702780184040161e-01
7.399999999999999911e-01 4.015586359593438515e-02 1.577626743342511739e-01
7.500000000000000000e-01 4.014574625167848659e-02 -4.909377059035401059e-02
7.599999999999998979e-01 4.113773900774145981e-02 -4.374631080843098541e-02
7.699999999999999067e-01 4.102067246784710935e-02 2.141933323859364635e-01
7.800000000000000266e-01 3.685387236002272970e-02 5.653255160560510806e-01
7.899999999999999245e-01 2.971416214672608497e-02 8.131993914803862245e-01
7.999999999999999334e-01 2.058988453041500979e-02 9.489431644818786538e-01
8.100000000000000533e-01 1.073529885708851377e-02 1.062138306345185690e+00
8.199999999999999512e-01 -6.528815964887034950e-04 1.163864831229997510e+00
8.299999999999999600e-01 -1.254199776751143726e-02 1.169845827524157666e+00
8.399999999999999689e-01 -2.404979814697185206e-02 1.057354196934770618e+00
8.499999999999999778e-01 -3.368908170620684567e-02 9.045351476876513086e-01
8.599999999999999867e-01 -4.214050110072487670e-02 8.008642033178603459e-01
8.699999999999999956e-01 -4.970636577256404981e-02 7.821501340760133036e-01
8.799999999999998934e-01 -5.778350378224514361e-02 8.663060199004448680e-01
8.900000000000000133e-01 -6.703248617057294689e-02 1.017096922610317922e+00
8.999999999999999112e-01 -7.812544223445150315e-02 1.120550104633609045e+00
9.099999999999999201e-01 -8.944348826324512169e-02 1.036877199257475457e+00
9.199999999999999289e-01 -9.886298621960100397e-02 7.144137008426425517e-01
9.299999999999999378e-01 -1.037317622800979777e-01 2.206055336478870421e-01
9.399999999999999467e-01 -1.032750968925587459e-01 -2.845527036295520396e-01
9.499999999999999556e-01 -9.804070820750693249e-02 -6.499747670198628979e-01
9.599999999999999645e-01 -9.027560155216149407e-02 -8.005775477889890412e-01
9.699999999999999734e-01 -8.202915725172715833e-02 -7.792752317564444198e-01
9.799999999999999822e-01 -7.469009691703260012e-02 -6.882082799930648864e-01
9.899999999999998801e-01 -6.826499165186586393e-02 -6.226129673398125286e-01
1.000000000000000000e+00 -6.223783757023635538e-02 -6.022083770593980034e-01
1.010000000000000009e+00 -5.622082411067789998e-02 -6.130070114703672912e-01
1.020000000000000018e+00 -4.997769734082901233e-02 -6.412839978237816485e-01
1.029999999999999805e+00 -4.339514415420227256e-02 -6.803791118751252309e-01
1.040000000000000036e+00 -3.637011510332650854e-02 -6.963098777682783513e-01
1.050000000000000044e+00 -2.946894659883670525e-02 -6.709622996848820797e-01
1.059999999999999831e+00 -2.295086910962887070e-02 -5.787164538265551217e-01
1.069999999999999840e+00 -1.789461752230560310e-02 -4.172243723622784950e-01
1.080000000000000071e+00 -1.460638166238330260e-02 -2.326456964140311556e-01
1.089999999999999858e+00 -1.324170359402498075e-02 -7.518515169926931474e-02
1.099999999999999867e+00 -1.310267862839791658e-02 3.109660775971218732e-02
1.109999999999999876e+00 -1.386363574921922401e-02 8.300625042076992255e-02
1.119999999999999885e+00 -1.476280363681331358e-02 1.034120943528667180e-01
1.129999999999999893e+00 -1.593187763627655976e-02 1.249769821460115782e-01
1.139999999999999902e+00 -1.726234327973354479e-02 1.307512893700907841e-01
1.149999999999999911e+00 -1.854690342367837363e-02 6.748691285772114024e-02
1.159999999999999920e+00 -1.861208153688796718e-02 -7.011305177609096217e-01
1.169999999999999929e+00 -4.524293068460180645e-03 -9.014888062550925341e-01
1.179999999999999938e+00 -5.823054117861189592e-04 -2.238409876088456874e-01
1.189999999999999947e+00 -4.747331628326751149e-05 -2.911527058930595338e-02
1.199999999999999956e+00 0.000000000000000000e+00 -4.747331628326751339e-03
