0.000000000000000000e+00 6.931993029375209517e+03 1.278142899322961166e+05
1.000000200000000089e-02 5.753334133470144479e+03 1.079174892483610893e+05
1.999999800000000147e-02 4.773643244406592203e+03 8.969384661232047074e+04
2.999999999999999889e-02 3.959457201223456650e+03 7.453566286854253849e+04
4.000000199999999978e-02 3.282929987036160583e+03 6.192832128977090906e+04
4.999999799999999689e-02 2.720890775430688336e+03 5.144350669723221654e+04
5.999999999999999778e-02 2.254059853093608581e+03 4.272474052082946582e+04
7.000000199999999173e-02 1.866395965011728322e+03 3.547533962755134417e+04
7.999999800000000272e-02 1.544553060539792341e+03 2.944839284812919141e+04
8.999999999999999667e-02 1.277428108052352172e+03 2.443841715812333496e+04
1.000000019999999906e-01 1.055784717378720188e+03 2.027441210053445684e+04
1.099999979999999877e-01 8.719398660413842208e+02 1.681407818112052337e+04
1.199999999999999956e-01 7.195031537567280111e+02 1.393900421421708415e+04
1.300000020000000034e-01 5.931597817566240565e+02 1.155066126894761510e+04
1.399999979999999866e-01 4.884899283787520403e+02 9.567068064520961343e+03
1.499999999999999944e-01 4.018184204653680354e+02 7.920015305774948501e+03
1.600000020000000023e-01 3.300896222614400699e+02 6.552755299491641381e+03
1.699999979999999855e-01 2.707633144742800368e+02 5.418078883522867727e+03
1.799999999999999933e-01 2.217280445916800318e+02 4.476714763875107565e+03
1.900000019999999734e-01 1.812290191983120451e+02 3.695997229153733770e+03
1.999999979999999844e-01 1.478081000100000040e+02 3.048757264659480825e+03
2.099999999999999922e-01 1.202538739047040082e+02 2.512399624567133742e+03
2.200000019999999723e-01 9.756010751796000591e+01 2.068134694008427232e+03
2.299999980000000110e-01 7.889118002648801564e+01 1.700339195768307036e+03
2.399999999999999911e-01 6.355332360412801052e+01 1.396024143396066847e+03
2.500000019999999989e-01 5.097069715508001053e+01 1.144392062327413669e+03
2.599999980000000099e-01 4.066548235646400400e+01 1.475042492258853599e+03
2.700000000000000178e-01 2.146984731380800326e+01 1.409227574253680359e+03
2.800000019999999701e-01 1.248093086888000158e+01 8.320318130724267576e+02
2.899999979999999811e-01 4.829211050128000338e+00 4.210474377500667629e+02
2.999999999999999889e-01 4.059982114576000001e+00 8.107087896629334978e+01
3.100000019999999967e-01 3.207793471360000481e+00 8.521886444014667461e+01
3.199999980000000077e-01 2.355604828144000518e+00 5.111393327102668138e+01
3.300000000000000155e-01 2.185514805800000460e+00 2.642290973313333780e+01
3.400000020000000234e-01 1.827146632784000246e+00 3.764579131893334107e+01
3.499999979999999788e-01 1.432598980816000012e+00 3.723377320202667562e+01
3.599999999999999867e-01 1.082471166512000149e+00 3.249832633944000548e+01
3.700000019999999945e-01 7.826324506800000913e-01 2.881968881993334008e+01
3.799999980000000055e-01 5.060773894160001118e-01 2.678793330150667273e+01
3.900000000000000133e-01 2.468737861840000214e-01 2.462513832698666860e+01
4.000000020000000212e-01 1.357462399200000218e-02 2.215182342018666972e+01
4.099999979999999766e-01 -1.961626811040000362e-01 2.051239103110667017e+01
4.199999999999999845e-01 -3.966731950960000752e-01 1.992170160966666970e+01
4.300000019999999368e-01 -5.945967126000000214e-01 1.926310729776000485e+01
4.399999980000000033e-01 -7.819353418880001794e-01 1.738580512954667157e+01
4.499999999999999556e-01 -9.423128149120001407e-01 1.428785854062666871e+01
4.600000019999999634e-01 -1.067692512840000107e+00 1.133234739649333456e+01
4.699999980000000299e-01 -1.168959764376000132e+00 9.791843002680002073e+00
4.799999999999999822e-01 -1.263529373312000326e+00 9.118791945693335066e+00
4.900000019999999901e-01 -1.351335604824000169e+00 7.810004368506668904e+00
4.999999979999999455e-01 -1.419729461239999990e+00 5.679412770320001691e+00
5.100000000000000089e-01 -1.464923857720000333e+00 3.749640933933334086e+00
5.200000019999999612e-01 -1.494722280616000099e+00 2.451249592586667081e+00
5.299999979999999722e-01 -1.513948852640000231e+00 1.372634329346666959e+00
5.400000000000000355e-01 -1.522174964832000210e+00 3.229436647866667509e-01
5.500000019999999878e-01 -1.520407722728000177e+00 -4.653097597733333868e-01
5.599999979999999988e-01 -1.512868769776000155e+00 -1.008692499306666823e+00
5.699999999999999512e-01 -1.500233872184000061e+00 -1.647239495986666968e+00
5.800000019999999035e-01 -1.479923978880000046e+00 -2.471825033213333800e+00
5.899999980000000255e-01 -1.450797372496000159e+00 -3.209931439573333822e+00
5.999999999999999778e-01 -1.415725352320000185e+00 -3.724070132026667146e+00
6.100000019999999301e-01 -1.376315971808000249e+00 -4.206293955866668099e+00
6.199999980000000521e-01 -1.331599471808000201e+00 -4.682750372800001060e+00
6.300000000000000044e-01 -1.282660964352000166e+00 -4.802796710586667572e+00
6.400000019999999568e-01 -1.235543538712000178e+00 -4.470788109946667532e+00
6.499999980000000788e-01 -1.193245202432000163e+00 -4.177764549933334237e+00
6.600000000000000311e-01 -1.151988247016000333e+00 -4.381330912480001061e+00
6.700000019999999834e-01 -1.105618581672000111e+00 -4.972491257066667281e+00
6.799999979999998834e-01 -1.052538420480000125e+00 -5.416039537733334797e+00
6.899999999999999467e-01 -9.972977923119999977e-01 -5.386918765240001683e+00
7.000000019999998990e-01 -9.448000481040002008e-01 -5.161666228613334795e+00
7.099999979999999100e-01 -8.940644666240000760e-01 -5.148205003573334437e+00
7.199999999999999734e-01 -8.418359460800000083e-01 -5.263718946653334285e+00
7.300000019999999257e-01 -7.887900895040000915e-01 -5.090547035933334463e+00
7.399999979999999367e-01 -7.400250046640001189e-01 -4.594351824960000386e+00
7.500000000000000000e-01 -6.969030521680000811e-01 -4.355836914866667797e+00
7.600000019999999523e-01 -6.529082670640000696e-01 -4.702212674173334328e+00
7.699999979999999633e-01 -6.028587988240000639e-01 -5.179037631773334205e+00
7.800000000000000266e-01 -5.493275145679999971e-01 -5.250859513306667559e+00
7.900000019999999790e-01 -4.978416080000000465e-01 -4.883550978853334001e+00
7.999999979999999900e-01 -4.516564947120000340e-01 -4.342203497306667437e+00
8.100000000000000533e-01 -4.109975374960000427e-01 -3.880540846653333986e+00
8.200000020000000056e-01 -3.740456795920000244e-01 -3.607740064880000652e+00
8.299999979999999056e-01 -3.388427378720000327e-01 -3.492756039346667229e+00
8.399999999999999689e-01 -3.041905569920000385e-01 -3.390879565333333900e+00
8.500000019999999212e-01 -2.710251479600000457e-01 -3.119549557186667155e+00
8.599999979999999322e-01 -2.417995648720000224e-01 -2.675015205346666924e+00
8.699999999999999956e-01 -2.175248420399999993e-01 -2.253127304400000419e+00
8.800000019999999479e-01 -1.967370187840000173e-01 -2.013075625053333706e+00
8.899999979999999589e-01 -1.772633313520000364e-01 -1.929635284573333776e+00
8.999999999999999112e-01 -1.581443132320000111e-01 -1.846993167613333542e+00
9.100000019999999745e-01 -1.403234647920000300e-01 -1.644030514426667144e+00
9.199999979999999855e-01 -1.252637048960000277e-01 -1.334571526000000397e+00
9.299999999999999378e-01 -1.136320342719999987e-01 -9.895349744400002701e-01
9.400000020000000012e-01 -1.054730041520000050e-01 -6.539393608666668189e-01
9.499999980000000122e-01 -1.005532477520000162e-01 -3.997059298400000849e-01
9.599999999999999645e-01 -9.747888639200001648e-02 -2.953615443466667267e-01
9.700000020000000278e-01 -9.464601714400000532e-02 -2.885289886666667081e-01
9.799999979999999278e-01 -9.170830522400000295e-02 -2.987568533733334086e-01
9.899999999999998801e-01 -8.867088021600000314e-02 -3.111607955600000364e-01
1.000000001999999943e+00 -8.548509056800000783e-02 -2.855743245733333713e-01
1.009999997999999843e+00 -8.295939386400000282e-02 -1.930337771200000274e-01
1.020000000000000018e+00 -8.162441335200000536e-02 -1.128126620266666769e-01
1.030000001999999970e+00 -8.070314257600001706e-02 -1.265517953200000212e-01
1.039999997999999870e+00 -7.909337786400000292e-02 -2.164827680266667165e-01
1.050000000000000044e+00 -7.637348498400001184e-02 -3.071753054400001015e-01
1.060000001999999997e+00 -7.294987259200000351e-02 -3.564703845333333510e-01
1.069999997999999897e+00 -6.924407868800000476e-02 -3.860449955066667105e-01
1.080000000000000071e+00 -6.522897421600000467e-02 -4.214541944800000994e-01
1.090000002000000023e+00 -6.081499228800001100e-02 -4.569981252266667737e-01
1.099999997999999923e+00 -5.608900948000000719e-02 -4.775286506133334385e-01
1.110000000000000098e+00 -5.126442234400000603e-02 -4.776647979733333882e-01
1.120000002000000050e+00 -4.653571575200000227e-02 -4.770374071733334276e-01
1.129999997999999950e+00 -4.172367224799999885e-02 -5.028452466266667420e-01
1.139999999999999902e+00 -3.647881068000000115e-02 -5.453614577333334434e-01
1.150000001999999855e+00 -3.081644448800000338e-02 -5.796162562400001272e-01
1.159999997999999977e+00 -2.488648639200000123e-02 -1.329148657546666890e+00
1.169999999999999929e+00 -4.233471616000000944e-03 -1.212903944000000234e+00
1.180000001999999881e+00 -6.284075120000001116e-04 -2.067942557866667141e-01
1.189999998000000003e+00 -9.758343200000001258e-05 -3.142028494666666838e-02
1.199999999999999956e+00 0.000000000000000000e+00 1.190324290666666847e-02
