0.000000000000000000e+00 6.119961078637638963e+01 2.105698105710112600e+02
1.000000000000000021e-02 5.909391268066627134e+01 2.105698105710112600e+02
2.000000000000000042e-02 5.698821457495616016e+01 2.105698105710112600e+02
2.999999999999999889e-02 5.488251646924604898e+01 2.105698105710106915e+02
4.000000000000000083e-02 5.277681836353594491e+01 2.105698105710106915e+02
4.999999999999999584e-02 5.067112025782583373e+01 2.105698105710112600e+02
5.999999999999999778e-02 4.856542215211572255e+01 2.105698105710110042e+02
6.999999999999999278e-02 4.645972404640561848e+01 2.105698105710112600e+02
8.000000000000000167e-02 4.435402594069550020e+01 2.105698105710110042e+02
8.999999999999999667e-02 4.224832783498539612e+01 2.105698105710110042e+02
9.999999999999999167e-02 4.014262972927527784e+01 2.105698105710110042e+02
1.099999999999999867e-01 3.803693162356518087e+01 2.105698105710110042e+02
1.199999999999999956e-01 3.593123351785506259e+01 2.105698105710116010e+02
1.300000000000000044e-01 3.382553541214494430e+01 2.105698105710110042e+02
1.399999999999999856e-01 3.171983730643484023e+01 2.105698105710110042e+02
1.499999999999999944e-01 2.961413920072472905e+01 2.105698105710112600e+02
1.600000000000000033e-01 2.750844109501461432e+01 2.105698105710110042e+02
1.699999999999999845e-01 2.540274298930451025e+01 2.105698105710110042e+02
1.799999999999999933e-01 2.329704488359439551e+01 2.105698105710110042e+02
1.899999999999999745e-01 2.119134677788429144e+01 2.105698105710110042e+02
1.999999999999999833e-01 1.908564867217417671e+01 2.105698105710111179e+02
2.099999999999999922e-01 1.697995056646406908e+01 2.105698105710110042e+02
2.199999999999999734e-01 1.487425246075395791e+01 2.105698105710110326e+02
2.299999999999999822e-01 1.276855435504384673e+01 2.105698105710114305e+02
2.399999999999999911e-01 1.066285624933373022e+01 2.105698105710113452e+02
2.500000000000000000e-01 8.557158143623620816e+00 2.105698105710110326e+02
2.600000000000000089e-01 6.451460037913509638e+00 2.105698105710110326e+02
2.700000000000000178e-01 4.345761932203399347e+00 2.105698105710110042e+02
2.799999999999999711e-01 2.240063826493289501e+00 1.576024832613354079e+02
2.899999999999999800e-01 1.193712266976691749e+00 8.703401698045321666e+01
2.999999999999999889e-01 4.993834868842254027e-01 5.933604363564413831e+01
3.099999999999999423e-01 6.991394263809217260e-03 4.208019187929868821e+01
3.200000000000000067e-01 -3.422203507017482216e-01 2.941425427576648488e+01
3.300000000000000155e-01 -5.812936912515204169e-01 1.957527741888917561e+01
3.399999999999999689e-01 -7.337258990795316738e-01 1.181983339431583602e+01
3.500000000000000333e-01 -8.176903591378371638e-01 5.726116630783026018e+00
3.599999999999999867e-01 -8.482482316951922563e-01 9.606852781800049312e-01
3.699999999999999956e-01 -8.369040647014373002e-01 -2.724877045587601021e+00
3.799999999999999489e-01 -7.937506907834401826e-01 -5.402158582925332908e+00
3.900000000000000133e-01 -7.288608930429305577e-01 -6.948371871613553630e+00
3.999999999999999667e-01 -6.547832533511691588e-01 -7.455707456277306022e+00
4.099999999999999756e-01 -5.797467439173844550e-01 -7.353884430008409190e+00
4.199999999999999845e-01 -5.077055647510009262e-01 -7.042243920294908754e+00
4.299999999999999933e-01 -4.389018655114863554e-01 -6.658192156843635523e+00
4.399999999999999467e-01 -3.745417216141282979e-01 -6.242214224777706377e+00
4.499999999999999556e-01 -3.140575810159322301e-01 -5.969109351748015158e+00
4.599999999999999645e-01 -2.551595345791680125e-01 -5.864246636522441491e+00
4.699999999999999734e-01 -1.967726482854834091e-01 -5.706360636432980193e+00
4.799999999999999822e-01 -1.410323218505084020e-01 -5.341062672386510002e+00
4.899999999999999911e-01 -8.995139483775324574e-02 -4.872759286763585607e+00
5.000000000000000000e-01 -4.357713611523670455e-02 -4.447445990162582241e+00
5.100000000000000089e-01 -1.002475034501612572e-03 -4.013414423034767253e+00
5.200000000000000178e-01 3.669115234545862470e-02 -3.458594467925558469e+00
5.299999999999999156e-01 6.816941432400953904e-02 -2.804841763706334312e+00
5.400000000000000355e-01 9.278798761958531593e-02 -2.163752628824517465e+00
5.499999999999999334e-01 1.114444669004998889e-01 -1.615629137392509129e+00
5.599999999999999423e-01 1.251005703674354930e-01 -1.116446739508906827e+00
5.699999999999999512e-01 1.337734016906780288e-01 -6.708006218667739162e-01
5.799999999999999600e-01 1.385165828047709713e-01 -3.230617504743186763e-01
5.899999999999999689e-01 1.402346367001643945e-01 -7.989930636457802382e-02
5.999999999999999778e-01 1.401145689320625332e-01 6.022324532792181634e-02
6.099999999999999867e-01 1.390301717936059667e-01 1.053863116330021471e-01
6.199999999999998845e-01 1.380068426994024988e-01 6.056305088634438005e-02
6.300000000000000044e-01 1.378189107758790721e-01 -3.473790909788569692e-02
6.400000000000000133e-01 1.387016008813601875e-01 -1.430599267506391103e-01
6.499999999999999112e-01 1.406801093108918654e-01 -2.230112372609864280e-01
6.600000000000000311e-01 1.431618256265799194e-01 -2.477326118739668626e-01
6.700000000000000400e-01 1.456347615483711833e-01 -2.330605853908113423e-01
6.799999999999999378e-01 1.478230373343961679e-01 -1.930886843318854740e-01
6.899999999999999467e-01 1.494965352350088872e-01 -1.061975138079931241e-01
7.000000000000000666e-01 1.499469876105560262e-01 7.333994015523695453e-02
7.099999999999999645e-01 1.480297364319041742e-01 3.452000136878248249e-01
7.199999999999999734e-01 1.430429873367995153e-01 6.367418472389159145e-01
7.299999999999998712e-01 1.352948994871258359e-01 8.609486732002039622e-01
7.399999999999999911e-01 1.258240138727954316e-01 9.404912136111883703e-01
7.500000000000000000e-01 1.164850752149020757e-01 8.821594254011544400e-01
7.599999999999998979e-01 1.081808253647723594e-01 7.510825526139150998e-01
7.699999999999999067e-01 1.014634241626237721e-01 5.949634551217978240e-01
7.800000000000000266e-01 9.628155626233640685e-02 4.247951142585123518e-01
7.899999999999999245e-01 9.296752187745353779e-02 2.700608682537738447e-01
7.999999999999999334e-01 9.088033889726092329e-02 1.561553213985330812e-01
8.100000000000000533e-01 8.984441544948286451e-02 5.228132315103706240e-02
8.199999999999999512e-01 8.983471243424018260e-02 -6.584161123523377124e-02
8.299999999999999600e-01 9.116124767418753994e-02 -1.630290835481003064e-01
8.399999999999999689e-01 9.309529410520218928e-02 -2.056747894268098342e-01
8.499999999999999778e-01 9.527474346272374328e-02 -2.044943589968913900e-01
8.599999999999999867e-01 9.718518128514001819e-02 -1.805598569278742960e-01
8.699999999999999956e-01 9.888594060128122476e-02 -1.256959550886051491e-01
8.799999999999998934e-01 9.969910038691212617e-02 -4.428612583085532461e-02
8.900000000000000133e-01 9.977166311789834041e-02 2.943321061692283705e-02
8.999999999999999112e-01 9.911043617457367116e-02 6.917941562806059763e-02
9.099999999999999201e-01 9.838807480533712235e-02 6.138094767568683108e-02
9.199999999999999289e-01 9.788281722105993121e-02 2.752154170737784386e-02
9.299999999999999378e-01 9.783764397118956124e-02 -2.960535624500960309e-03
9.399999999999999467e-01 9.794202793354994663e-02 -1.408864649772908692e-02
9.499999999999999556e-01 9.811941690114414638e-02 -7.949713728224850826e-03
9.599999999999999645e-01 9.810102220811445228e-02 1.846108537412651310e-02
9.699999999999999734e-01 9.775019519366161258e-02 5.789046232732440039e-02
9.799999999999999822e-01 9.694321296156795109e-02 9.409626338335569384e-02
9.899999999999998801e-01 9.586826992599450925e-02 1.246573537229873907e-01
1.000000000000000000e+00 9.445006588710820605e-02 1.650432534875444779e-01
1.010000000000000009e+00 9.256740485624360970e-02 2.144369074455902691e-01
1.020000000000000018e+00 9.016132773819640622e-02 2.590686871976061734e-01
1.029999999999999805e+00 8.738603111229149845e-02 2.903617797467576978e-01
1.040000000000000036e+00 8.435409214326125560e-02 3.159320440637859440e-01
1.050000000000000044e+00 8.106739023101577901e-02 3.408825191927886133e-01
1.059999999999999831e+00 7.753644175940548056e-02 3.672093321170202818e-01
1.069999999999999840e+00 7.372320358867537338e-02 3.983096576132122979e-01
1.080000000000000071e+00 6.957024860714124126e-02 4.378511557027142120e-01
1.089999999999999858e+00 6.496618047462109080e-02 4.853262893254026711e-01
1.099999999999999867e+00 5.986372282063318062e-02 5.330082810116236747e-01
1.109999999999999876e+00 5.430601485438861509e-02 5.719195632966828091e-01
1.119999999999999885e+00 4.842533155469952444e-02 5.983065809497046805e-01
1.129999999999999893e+00 4.233988323539451815e-02 6.149710440365370179e-01
1.139999999999999902e+00 3.612591067396878769e-02 6.243713579613651143e-01
1.149999999999999911e+00 2.985245607616722127e-02 6.270181816409786668e-01
1.159999999999999920e+00 2.358554704114921435e-02 1.145081508294326866e+00
1.169999999999999929e+00 6.950825910280684916e-03 1.140706669629499181e+00
1.179999999999999938e+00 7.714136485592326675e-04 3.443613422292637893e-01
1.189999999999999947e+00 6.359906569540979071e-05 3.857068242796164032e-02
1.199999999999999956e+00 0.000000000000000000e+00 6.359906569540979722e-03
