0.000000000000000000e+00 1.008675439970107846e+02 3.165234151283646042e+02
1.000000000000000021e-02 9.770230984572714306e+01 3.165234151283646042e+02
2.000000000000000042e-02 9.453707569444348735e+01 3.165234151283646042e+02
2.999999999999999889e-02 9.137184154315984586e+01 3.165234151283640358e+02
4.000000000000000083e-02 8.820660739187621857e+01 3.165234151283640358e+02
4.999999999999999584e-02 8.504137324059256287e+01 3.165234151283646042e+02
5.999999999999999778e-02 8.187613908930892137e+01 3.165234151283652295e+02
6.999999999999999278e-02 7.871090493802526566e+01 3.165234151283640358e+02
8.000000000000000167e-02 7.554567078674163838e+01 3.165234151283640358e+02
8.999999999999999667e-02 7.238043663545798267e+01 3.165234151283646042e+02
9.999999999999999167e-02 6.921520248417435539e+01 3.165234151283646042e+02
1.099999999999999867e-01 6.604996833289068547e+01 3.165234151283652295e+02
1.199999999999999956e-01 6.288473418160704398e+01 3.165234151283640358e+02
1.300000000000000044e-01 5.971950003032340959e+01 3.165234151283640358e+02
1.399999999999999856e-01 5.655426587903976809e+01 3.165234151283643200e+02
1.499999999999999944e-01 5.338903172775612660e+01 3.165234151283640358e+02
1.600000000000000033e-01 5.022379757647248510e+01 3.165234151283643200e+02
1.699999999999999845e-01 4.705856342518883650e+01 3.165234151283643200e+02
1.799999999999999933e-01 4.389332927390520211e+01 3.165234151283643200e+02
1.899999999999999745e-01 4.072809512262155351e+01 3.165234151283646042e+02
1.999999999999999833e-01 3.756286097133790491e+01 3.165234151283643200e+02
2.099999999999999922e-01 3.439762682005427052e+01 3.165234151283643200e+02
2.199999999999999734e-01 3.123239266877062192e+01 3.165234151283643200e+02
2.299999999999999822e-01 2.806715851748698398e+01 3.165234151283646042e+02
2.399999999999999911e-01 2.490192436620333183e+01 3.165234151283649453e+02
2.500000000000000000e-01 2.173669021491968323e+01 3.165234151283643200e+02
2.600000000000000089e-01 1.857145606363604529e+01 3.165234151283643200e+02
2.700000000000000178e-01 1.540622191235239846e+01 3.165234151283643769e+02
2.799999999999999711e-01 1.224098776106875697e+01 3.165234151283642632e+02
2.899999999999999800e-01 9.075753609785115472e+00 2.716507336495770915e+02
2.999999999999999889e-01 6.807973088077216239e+00 2.025809709939893537e+02
3.099999999999999423e-01 5.024134189905328007e+00 1.615442453799398379e+02
3.200000000000000067e-01 3.577088180478419588e+00 1.307267423284800429e+02
3.300000000000000155e-01 2.409599343335727450e+00 1.057786276192667145e+02
3.399999999999999689e-01 1.461515628093085661e+00 8.596654681509124885e+01
3.500000000000000333e-01 6.902684070339024647e-01 6.966293023115350991e+01
3.599999999999999867e-01 6.825702347001567916e-02 5.552373292362990043e+01
3.699999999999999956e-01 -4.202062514386953329e-01 4.352124723136171269e+01
3.799999999999999489e-01 -8.021679211572185775e-01 3.435951324257221984e+01
3.900000000000000133e-01 -1.107396516290139798e+00 2.767770502140644595e+01
3.999999999999999667e-01 -1.355722021585347381e+00 2.251929088020880343e+01
4.099999999999999756e-01 -1.557782333894315752e+00 1.819881186907476689e+01
4.199999999999999845e-01 -1.719698258966842808e+00 1.418479046237718499e+01
4.299999999999999933e-01 -1.841478143141859425e+00 1.027794597681812405e+01
4.399999999999999467e-01 -1.925257178503205102e+00 6.696610833752488112e+00
4.499999999999999556e-01 -1.975410359816909267e+00 3.715042517378337017e+00
4.599999999999999645e-01 -1.999558028850771940e+00 1.314964410067768430e+00
4.699999999999999734e-01 -2.001709648018264343e+00 -7.311638417234957998e-01
4.799999999999999822e-01 -1.984934752016301873e+00 -2.629362269811491348e+00
4.899999999999999911e-01 -1.949122402622034622e+00 -4.573086804144426587e+00
5.000000000000000000e-01 -1.893473015933413439e+00 -6.472394680836869973e+00
5.100000000000000089e-01 -1.819674509005297258e+00 -7.821302101025294107e+00
5.200000000000000178e-01 -1.737046973912907522e+00 -8.206258991752530818e+00
5.299999999999999156e-01 -1.655549329170246775e+00 -7.681688541034048967e+00
5.400000000000000355e-01 -1.583413203092226551e+00 -6.714118881174353959e+00
5.499999999999999334e-01 -1.521266951546759616e+00 -5.787868565446204983e+00
5.599999999999999423e-01 -1.467655831783302611e+00 -5.278080676719768327e+00
5.699999999999999512e-01 -1.415705338012364312e+00 -5.332731168187324400e+00
5.799999999999999600e-01 -1.361001208419556185e+00 -5.660888922023481484e+00
5.899999999999999689e-01 -1.302487559571894771e+00 -5.896768613945657656e+00
5.999999999999999778e-01 -1.243065836140643032e+00 -5.895096299529019035e+00
6.099999999999999867e-01 -1.184585633581314301e+00 -5.685425716184658640e+00
6.199999999999998845e-01 -1.129357321816949700e+00 -5.387610838568328120e+00
6.300000000000000044e-01 -1.076833416809947819e+00 -5.193961730447343328e+00
6.400000000000000133e-01 -1.025478087208002931e+00 -5.159783034836109117e+00
6.499999999999999112e-01 -9.736377561132255609e-01 -5.148427910792755746e+00
6.600000000000000311e-01 -9.225095289921477759e-01 -5.079356474734448845e+00
6.700000000000000400e-01 -8.720506266185366062e-01 -4.974418651757616772e+00
6.799999999999999378e-01 -8.230211559569955426e-01 -4.791374974524015506e+00
6.899999999999999467e-01 -7.762231271280563005e-01 -4.511355947159432667e+00
7.000000000000000666e-01 -7.327940370138068538e-01 -4.140032647900096840e+00
7.099999999999999645e-01 -6.934224741700544259e-01 -3.676107165020789491e+00
7.199999999999999734e-01 -6.592718937133911217e-01 -3.142245328447015762e+00
7.299999999999998712e-01 -6.305775676011140529e-01 -2.629884043768171864e+00
7.399999999999999911e-01 -6.066742128380276933e-01 -2.227767443200258768e+00
7.500000000000000000e-01 -5.860222187371089131e-01 -1.965218241668294841e+00
7.599999999999998979e-01 -5.673698480046617254e-01 -1.831400788004365232e+00
7.699999999999999067e-01 -5.493942029770215729e-01 -1.787227441041286502e+00
7.800000000000000266e-01 -5.316252991838360531e-01 -1.752895084585019969e+00
7.899999999999999245e-01 -5.143363012853212624e-01 -1.693784177912869282e+00
7.999999999999999334e-01 -4.977496156255786230e-01 -1.659275550786647679e+00
8.100000000000000533e-01 -4.811507902695882910e-01 -1.669691549304752831e+00
8.199999999999999512e-01 -4.643557846394835709e-01 -1.669045025861094711e+00
8.299999999999999600e-01 -4.477698897523663679e-01 -1.621093930289914775e+00
8.399999999999999689e-01 -4.319339060336853109e-01 -1.548489008464978278e+00
8.499999999999999778e-01 -4.168001095830668468e-01 -1.471013249873415862e+00
8.599999999999999867e-01 -4.025136410362169515e-01 -1.416166200043044832e+00
8.699999999999999956e-01 -3.884767855822059412e-01 -1.436072238714875660e+00
8.799999999999998934e-01 -3.737921962619194516e-01 -1.524353186381939063e+00
8.900000000000000133e-01 -3.579897218545671778e-01 -1.594342749202290355e+00
8.999999999999999112e-01 -3.419053412778736423e-01 -1.586627082215899209e+00
9.099999999999999201e-01 -3.262571802102491869e-01 -1.524664385175131809e+00
9.199999999999999289e-01 -3.114120535743710172e-01 -1.448799427947653040e+00
9.299999999999999378e-01 -2.972811916512961283e-01 -1.383543137071261864e+00
9.399999999999999467e-01 -2.837411908329457999e-01 -1.348619175096923639e+00
9.499999999999999556e-01 -2.703088081493576489e-01 -1.348486953371740960e+00
9.599999999999999645e-01 -2.567714517655109718e-01 -1.359514787771976652e+00
9.699999999999999734e-01 -2.431185123939181292e-01 -1.352141187818574286e+00
9.799999999999999822e-01 -2.297286280091394850e-01 -1.320439934711397756e+00
9.899999999999998801e-01 -2.167097136996901652e-01 -1.280435881454151881e+00
1.000000000000000000e+00 -2.041199103800564463e-01 -1.250994661871825286e+00
1.010000000000000009e+00 -1.916898204622536628e-01 -1.246611550724256556e+00
1.020000000000000018e+00 -1.791876793655713118e-01 -1.260733760454099128e+00
1.029999999999999805e+00 -1.664751452531716969e-01 -1.270376563645887025e+00
1.040000000000000036e+00 -1.537801480926535846e-01 -1.262192281588762288e+00
1.050000000000000044e+00 -1.412312996213964389e-01 -1.238015500204571184e+00
1.059999999999999831e+00 -1.290198380885621554e-01 -1.200085500791668869e+00
1.069999999999999840e+00 -1.172295896055630671e-01 -1.149819851634262369e+00
1.080000000000000071e+00 -1.060234410558769241e-01 -1.096073967506358882e+00
1.089999999999999858e+00 -9.530811025543589610e-02 -1.052420603523714915e+00
1.099999999999999867e+00 -8.497502898540262861e-02 -1.019871998983209238e+00
1.109999999999999876e+00 -7.491067027577170967e-02 -9.890834224316643608e-01
1.119999999999999885e+00 -6.519336053676934306e-02 -9.528655427192658234e-01
1.129999999999999893e+00 -5.585335942138639626e-02 -9.124434271611706615e-01
1.139999999999999902e+00 -4.694449199354593094e-02 -8.713557671486154010e-01
1.149999999999999911e+00 -3.842624407841408601e-02 -8.360568747275034518e-01
1.159999999999999920e+00 -3.022335449899586288e-02 -1.520191737678282307e+00
1.169999999999999929e+00 -8.022409324848442727e-03 -1.478433765710047032e+00
1.179999999999999938e+00 -6.546791847949247215e-04 -3.987061701122335267e-01
1.189999999999999947e+00 -4.828592260377145259e-05 -3.273395923974623672e-02
1.199999999999999956e+00 0.000000000000000000e+00 -4.828592260377145666e-03
