0.000000000000000000e+00 1.399589924946949964e+02 4.432396001014548119e+02
1.000000000000000021e-02 1.355265964936804437e+02 4.432396001014536182e+02
2.000000000000000042e-02 1.310942004926659195e+02 4.432396001014524245e+02
2.999999999999999889e-02 1.266618044916513952e+02 4.432396001014536182e+02
4.000000000000000083e-02 1.222294084906368425e+02 4.432396001014536182e+02
4.999999999999999584e-02 1.177970124896223183e+02 4.432396001014536182e+02
5.999999999999999778e-02 1.133646164886077656e+02 4.432396001014536182e+02
6.999999999999999278e-02 1.089322204875932414e+02 4.432396001014530498e+02
8.000000000000000167e-02 1.044998244865787171e+02 4.432396001014530498e+02
8.999999999999999667e-02 1.000674284855641929e+02 4.432396001014530498e+02
9.999999999999999167e-02 9.563503248454965444e+01 4.432396001014530498e+02
1.099999999999999867e-01 9.120263648353513020e+01 4.432396001014536182e+02
1.199999999999999956e-01 8.677024048252057753e+01 4.432396001014536182e+02
1.300000000000000044e-01 8.233784448150605328e+01 4.432396001014530498e+02
1.399999999999999856e-01 7.790544848049151483e+01 4.432396001014536182e+02
1.499999999999999944e-01 7.347305247947699058e+01 4.432396001014530498e+02
1.600000000000000033e-01 6.904065647846246634e+01 4.432396001014530498e+02
1.699999999999999845e-01 6.460826047744792788e+01 4.432396001014536182e+02
1.799999999999999933e-01 6.017586447643338943e+01 4.432396001014536182e+02
1.899999999999999745e-01 5.574346847541885097e+01 4.432396001014530498e+02
1.999999999999999833e-01 5.131107247440432673e+01 4.432396001014527656e+02
2.099999999999999922e-01 4.687867647338980248e+01 4.432396001014530498e+02
2.199999999999999734e-01 4.244628047237527113e+01 4.432396001014532771e+02
2.299999999999999822e-01 3.801388447136073268e+01 4.432396001014542435e+02
2.399999999999999911e-01 3.358148847034618711e+01 4.432396001014539024e+02
2.500000000000000000e-01 2.914909246933165576e+01 4.432396001014530498e+02
2.600000000000000089e-01 2.471669646831712797e+01 4.432396001014532771e+02
2.700000000000000178e-01 2.028430046730259306e+01 4.432396001014532771e+02
2.799999999999999711e-01 1.585190446628806171e+01 4.432396001014531066e+02
2.899999999999999800e-01 1.141950846527353036e+01 4.432396001014531066e+02
2.999999999999999889e-01 6.987112464258999012e+00 3.045960357919854005e+02
3.099999999999999423e-01 5.327587749433823738e+00 1.428428406749885369e+02
3.200000000000000067e-01 4.130255650759228736e+00 1.076801027611851254e+02
3.300000000000000155e-01 3.173985694210121444e+00 8.682295912179208131e+01
3.399999999999999689e-01 2.393796468323387217e+00 7.089376154251866069e+01
3.500000000000000333e-01 1.756110463359748186e+00 5.786259379299794858e+01
3.599999999999999867e-01 1.236544592463428405e+00 4.702408040188618799e+01
3.699999999999999956e-01 8.156288553220247817e-01 3.790456530989401784e+01
3.799999999999999489e-01 4.784532862655480612e-01 3.002720829836508898e+01
3.900000000000000133e-01 2.150846893547229965e-01 2.309564811284404939e+01
3.999999999999999667e-01 1.654032400866720098e-02 1.709178998248498615e+01
4.099999999999999756e-01 -1.267511102949767376e-01 1.204947304649454409e+01
4.199999999999999845e-01 -2.244491369212236465e-01 7.905863208567758704e+00
4.299999999999999933e-01 -2.848683744663318973e-01 4.525962810768187516e+00
4.399999999999999467e-01 -3.149683931365874212e-01 1.803507310002796515e+00
4.499999999999999556e-01 -3.209385206663878387e-01 -3.284215791892308167e-01
4.599999999999999645e-01 -3.083999615528028038e-01 -1.931044071744694834e+00
4.699999999999999734e-01 -2.823176392314939442e-01 -3.037536905779592011e+00
4.799999999999999822e-01 -2.476492234372109635e-01 -3.677567637851819171e+00
4.899999999999999911e-01 -2.087662864744575797e-01 -3.922515696807634455e+00
5.000000000000000000e-01 -1.691989095010582866e-01 -3.905232007554176210e+00
5.100000000000000089e-01 -1.306616463233740699e-01 -3.765227790736934921e+00
5.200000000000000178e-01 -9.389435368631958434e-02 -3.573631405467881716e+00
5.299999999999999156e-01 -5.918901821401643948e-02 -3.321591587983315552e+00
5.400000000000000355e-01 -2.746252192665328551e-02 -2.997308822633794723e+00
5.499999999999999334e-01 7.571582386594450341e-04 -2.637771479363184568e+00
5.599999999999999423e-01 2.529290766061040308e-02 -2.317993579385725145e+00
5.699999999999999512e-01 4.711702982637393927e-02 -2.064757932041277666e+00
5.799999999999999600e-01 6.658806630143596084e-02 -1.854625592759623354e+00
5.899999999999999689e-01 8.420954168156639941e-02 -1.687386455209006320e+00
5.999999999999999778e-01 1.003357954056160878e-01 -1.556166594530141278e+00
6.099999999999999867e-01 1.153328735721692311e-01 -1.440049088375155995e+00
6.199999999999998845e-01 1.291367771731191938e-01 -1.304095411935770610e+00
6.300000000000000044e-01 1.414147818108846266e-01 -1.126814505306196201e+00
6.400000000000000133e-01 1.516730672792431234e-01 -9.297154673734188135e-01
6.499999999999999112e-01 1.600090911583530173e-01 -7.317591265631323560e-01
6.600000000000000311e-01 1.663082498105057649e-01 -5.549592020757476707e-01
6.700000000000000400e-01 1.711082751998679596e-01 -4.226863241771389723e-01
6.799999999999999378e-01 1.747619762940485488e-01 -3.471786410698028957e-01
6.899999999999999467e-01 1.780518480212640309e-01 -3.199662929399099132e-01
7.000000000000000666e-01 1.811613021528467316e-01 -3.005601897164669745e-01
7.099999999999999645e-01 1.840630518155933482e-01 -2.698411347940223304e-01
7.199999999999999734e-01 1.865581248487271915e-01 -2.252340959898926909e-01
7.299999999999998712e-01 1.885677337353912075e-01 -1.811290452895183978e-01
7.399999999999999911e-01 1.901807057545175650e-01 -1.486327693264445360e-01
7.500000000000000000e-01 1.915403891219200905e-01 -1.035400121531134393e-01
7.599999999999998979e-01 1.922515059975798135e-01 -1.675705391164564184e-02
7.699999999999999067e-01 1.918755302001530216e-01 1.027631859760696903e-01
7.800000000000000266e-01 1.901962422780584250e-01 2.192668732676371912e-01
7.899999999999999245e-01 1.874901927348002761e-01 3.165787248368958084e-01
7.999999999999999334e-01 1.838646677813205177e-01 3.988461722851965874e-01
8.100000000000000533e-01 1.795132692890963333e-01 4.445669979423214624e-01
8.199999999999999512e-01 1.749733278224741007e-01 4.482394159634244812e-01
8.299999999999999600e-01 1.705484809698278592e-01 4.417309956856968478e-01
8.399999999999999689e-01 1.661387079087601470e-01 4.452240999648544584e-01
8.499999999999999778e-01 1.616439989705307778e-01 4.471151412835598915e-01
8.599999999999999867e-01 1.571964050830889637e-01 4.382594444030495917e-01
8.699999999999999956e-01 1.528788100824697849e-01 4.277808998851412858e-01
8.799999999999998934e-01 1.486407870853861390e-01 4.224072513261820094e-01
8.900000000000000133e-01 1.444306650559461225e-01 4.160134636480157244e-01
8.999999999999999112e-01 1.403205178124258268e-01 4.068281692902037117e-01
9.099999999999999201e-01 1.362941016701420538e-01 3.972571369230815663e-01
9.199999999999999289e-01 1.323753750739641855e-01 3.874274203212142442e-01
9.299999999999999378e-01 1.285455532637177767e-01 3.856510458620940329e-01
9.399999999999999467e-01 1.246623541567223048e-01 3.916702352463553027e-01
9.499999999999999556e-01 1.207121485587906717e-01 3.985105458114028831e-01
9.599999999999999645e-01 1.166921432404942477e-01 4.039114699145818221e-01
9.699999999999999734e-01 1.126339191604990297e-01 4.130054863894392359e-01
9.799999999999999822e-01 1.084320335127054585e-01 4.247328523660655608e-01
9.899999999999998801e-01 1.041392621131777274e-01 4.354027679894428293e-01
1.000000000000000000e+00 9.972397815291660084e-02 4.544260204995565489e-01
1.010000000000000009e+00 9.505074170318660032e-02 4.837707181134598966e-01
1.020000000000000018e+00 9.004856379064740679e-02 5.097949806541480777e-01
1.029999999999999805e+00 8.485484209010363266e-02 5.222809655353888303e-01
1.040000000000000036e+00 7.960294447993963851e-02 5.221832067996450277e-01
1.050000000000000044e+00 7.441117795411072988e-02 5.180582952101822070e-01
1.059999999999999831e+00 6.924177857573599049e-02 5.158807469086547082e-01
1.069999999999999840e+00 6.409356301593764627e-02 5.180605563314425455e-01
1.080000000000000071e+00 5.888056744910714208e-02 5.231192679078107144e-01
1.089999999999999858e+00 5.363117765778142865e-02 5.246165528251161003e-01
1.099999999999999867e+00 4.838823639260482479e-02 5.206895140280943801e-01
1.109999999999999876e+00 4.321738737721954327e-02 5.123992298149867564e-01
1.119999999999999885e+00 3.814025179630509133e-02 5.023836330159420216e-01
1.129999999999999893e+00 3.316971471690070145e-02 4.918134372290770551e-01
1.139999999999999902e+00 2.830398305172355036e-02 4.824948898938442032e-01
1.149999999999999911e+00 2.351981691902381780e-02 4.763980133611531720e-01
1.159999999999999920e+00 1.877602278450048526e-02 8.846113929382372065e-01
1.169999999999999929e+00 5.827589060259077448e-03 9.043928270109921064e-01
1.179999999999999938e+00 6.881662442806471807e-04 2.884892106415589130e-01
1.189999999999999947e+00 5.780484742789891484e-05 3.440831221403236467e-02
1.199999999999999956e+00 0.000000000000000000e+00 5.780484742789891890e-03
