0.000000000000000000e+00 7.635404740761853759e+01 2.293409836257081906e+02
1.000000000000000021e-02 7.406063757136145398e+01 2.293409836257075938e+02
2.000000000000000042e-02 7.176722773510438458e+01 2.293409836257075938e+02
2.999999999999999889e-02 6.947381789884730097e+01 2.293409836257081906e+02
4.000000000000000083e-02 6.718040806259021736e+01 2.293409836257075938e+02
4.999999999999999584e-02 6.488699822633314795e+01 2.293409836257075938e+02
5.999999999999999778e-02 6.259358839007606434e+01 2.293409836257081906e+02
6.999999999999999278e-02 6.030017855381898784e+01 2.293409836257075938e+02
8.000000000000000167e-02 5.800676871756191133e+01 2.293409836257075938e+02
8.999999999999999667e-02 5.571335888130483482e+01 2.293409836257075938e+02
9.999999999999999167e-02 5.341994904504776542e+01 2.293409836257079348e+02
1.099999999999999867e-01 5.112653920879067471e+01 2.293409836257081906e+02
1.199999999999999956e-01 4.883312937253359820e+01 2.293409836257075938e+02
1.300000000000000044e-01 4.653971953627652169e+01 2.293409836257079348e+02
1.399999999999999856e-01 4.424630970001943808e+01 2.293409836257079348e+02
1.499999999999999944e-01 4.195289986376236868e+01 2.293409836257075938e+02
1.600000000000000033e-01 3.965949002750529218e+01 2.293409836257079348e+02
1.699999999999999845e-01 3.736608019124820856e+01 2.293409836257079348e+02
1.799999999999999933e-01 3.507267035499113206e+01 2.293409836257079348e+02
1.899999999999999745e-01 3.277926051873404845e+01 2.293409836257079348e+02
1.999999999999999833e-01 3.048585068247697549e+01 2.293409836257075938e+02
2.099999999999999922e-01 2.819244084621989899e+01 2.293409836257075938e+02
2.199999999999999734e-01 2.589903100996282248e+01 2.293409836257079348e+02
2.299999999999999822e-01 2.360562117370573887e+01 2.293409836257081906e+02
2.399999999999999911e-01 2.131221133744865881e+01 2.293409836257081906e+02
2.500000000000000000e-01 1.901880150119157520e+01 2.293409836257079348e+02
2.600000000000000089e-01 1.672539166493450224e+01 2.293409836257075938e+02
2.700000000000000178e-01 1.443198182867742574e+01 2.293409836257077643e+02
2.799999999999999711e-01 1.213857199242034568e+01 2.293409836257079348e+02
2.899999999999999800e-01 9.845162156163267397e+00 2.293409836257078496e+02
2.999999999999999889e-01 7.551752319906190003e+00 2.293409836257073664e+02
3.099999999999999423e-01 5.258342483649119714e+00 1.893303751116502838e+02
3.200000000000000067e-01 3.765144817673184985e+00 1.312529716249282785e+02
3.300000000000000155e-01 2.633283051150554499e+00 1.015085730546934428e+02
3.399999999999999689e-01 1.734973356579316839e+00 8.143948551406091951e+01
3.500000000000000333e-01 1.004493340869336393e+00 6.643626856177226614e+01
3.599999999999999867e-01 4.062479853438714650e-01 5.430512091403009123e+01
3.699999999999999956e-01 -8.160907741126519066e-02 4.402757373053842116e+01
3.799999999999999489e-01 -4.743034892668968605e-01 3.542311779115765802e+01
3.900000000000000133e-01 -7.900714332344183077e-01 2.854778273620010154e+01
3.999999999999999667e-01 -1.045259143990898920e+00 2.306286473214833066e+01
4.099999999999999756e-01 -1.251328727877384805e+00 1.828464940767971925e+01
4.199999999999999845e-01 -1.410952132144493110e+00 1.390941666070299476e+01
4.299999999999999933e-01 -1.529517061091444585e+00 1.002924362898456678e+01
4.399999999999999467e-01 -1.611537004724184596e+00 6.713934387937127823e+00
4.499999999999999556e-01 -1.663795748850187106e+00 3.928541664069096662e+00
4.599999999999999645e-01 -1.690107838005566521e+00 1.580644408714862115e+00
4.699999999999999734e-01 -1.695408637024484300e+00 -4.623502105541452134e-01
4.799999999999999822e-01 -1.680860833794483478e+00 -2.390068070493532204e+00
4.899999999999999911e-01 -1.647607275614613842e+00 -4.329014329134903249e+00
5.000000000000000000e-01 -1.594280547211785581e+00 -6.128898116825520326e+00
5.100000000000000089e-01 -1.525029313278103427e+00 -7.354362706895871682e+00
5.200000000000000178e-01 -1.447193293073868015e+00 -7.641832953073730117e+00
5.299999999999999156e-01 -1.372192654216628727e+00 -7.130081816978671938e+00
5.400000000000000355e-01 -1.304591656734294558e+00 -6.378952372501099255e+00
5.499999999999999334e-01 -1.244613606766606706e+00 -5.909059817877571952e+00
5.599999999999999423e-01 -1.186410460376743137e+00 -5.874089594550012450e+00
5.699999999999999512e-01 -1.127131814875606652e+00 -6.120758210352384765e+00
5.799999999999999600e-01 -1.063995296169695459e+00 -6.482408080834265895e+00
5.899999999999999689e-01 -9.974836532589212990e-01 -6.707727037327472885e+00
5.999999999999999778e-01 -9.298407554231461480e-01 -6.575804951051446245e+00
6.099999999999999867e-01 -8.659675542378924007e-01 -6.076690788082951933e+00
6.199999999999998845e-01 -8.083069396614870339e-01 -5.364528195669846511e+00
6.300000000000000044e-01 -7.586769903244954261e-01 -4.560309373072549022e+00
6.400000000000000133e-01 -7.171007522000361067e-01 -3.794632299173057444e+00
6.499999999999999112e-01 -6.827843443410342994e-01 -3.238048638697264447e+00
6.600000000000000311e-01 -6.523397794260907823e-01 -2.998434328696704565e+00
6.700000000000000400e-01 -6.228156577671002392e-01 -2.998040133977478483e+00
6.799999999999999378e-01 -5.923789767465412748e-01 -3.015327505569519673e+00
6.899999999999999467e-01 -5.625091076557098280e-01 -2.871606301135828598e+00
7.000000000000000666e-01 -5.349468507238246406e-01 -2.608935273165341240e+00
7.099999999999999645e-01 -5.103304021924029987e-01 -2.338880993743265968e+00
7.199999999999999734e-01 -4.881692308489593568e-01 -2.095062264182659728e+00
7.299999999999998712e-01 -4.684291569087498108e-01 -1.875440491943893395e+00
7.399999999999999911e-01 -4.506604210100815244e-01 -1.732010894219703445e+00
7.500000000000000000e-01 -4.337889390243557797e-01 -1.676399578247696587e+00
7.599999999999998979e-01 -4.171324294451275727e-01 -1.611810318608123183e+00
7.699999999999999067e-01 -4.015527326521933227e-01 -1.469651312470484639e+00
7.800000000000000266e-01 -3.877394031957178688e-01 -1.284735188443807630e+00
7.899999999999999245e-01 -3.758580288833171523e-01 -1.100656877040018244e+00
7.999999999999999334e-01 -3.657262656549175039e-01 -9.299740001103398157e-01
8.100000000000000533e-01 -3.572585488811103605e-01 -7.995316191357350055e-01
8.199999999999999512e-01 -3.497356332722028061e-01 -7.627661695232856864e-01
8.299999999999999600e-01 -3.420032254906446578e-01 -8.199900685747789630e-01
8.399999999999999689e-01 -3.333358319007072579e-01 -9.147189606636372261e-01
8.499999999999999778e-01 -3.237088462773718978e-01 -9.846937580617465269e-01
8.599999999999999867e-01 -3.136419567394723162e-01 -9.930544697591534575e-01
8.699999999999999956e-01 -3.038477568821888464e-01 -9.544064475447996410e-01
8.799999999999998934e-01 -2.945538277885763057e-01 -9.158233819327544767e-01
8.900000000000000133e-01 -2.855312892435337702e-01 -9.087204517616184196e-01
8.999999999999999112e-01 -2.763794187533439861e-01 -9.245940165574527692e-01
9.099999999999999201e-01 -2.670394089123847015e-01 -9.571600758072323911e-01
9.199999999999999289e-01 -2.572362172371993050e-01 -1.005847328918755057e+00
9.299999999999999378e-01 -2.469224623340096070e-01 -1.053140139255549501e+00
9.399999999999999467e-01 -2.361734144520883372e-01 -1.091341940205736938e+00
9.499999999999999556e-01 -2.250956235298948449e-01 -1.121664067258684172e+00
9.599999999999999645e-01 -2.137401331069146426e-01 -1.131845957813597536e+00
9.699999999999999734e-01 -2.024587043736228997e-01 -1.116573706449299541e+00
9.799999999999999822e-01 -1.914086589779286640e-01 -1.095425927644968489e+00
9.899999999999998801e-01 -1.805501858207235466e-01 -1.091723414740749742e+00
1.000000000000000000e+00 -1.695741906831136625e-01 -1.102608498562282158e+00
1.010000000000000009e+00 -1.584980158494778968e-01 -1.114242414370332002e+00
1.020000000000000018e+00 -1.472893423957070402e-01 -1.122770481184780511e+00
1.029999999999999805e+00 -1.360426062257822921e-01 -1.123397273461079093e+00
1.040000000000000036e+00 -1.248213969264854450e-01 -1.108887841842814082e+00
1.050000000000000044e+00 -1.138648493889260066e-01 -1.078860422776539263e+00
1.059999999999999831e+00 -1.032441884709546648e-01 -1.040434605602486018e+00
1.069999999999999840e+00 -9.305615727687628624e-02 -9.966304078497083552e-01
1.080000000000000071e+00 -8.331158031396050656e-02 -9.508286173448421419e-01
1.089999999999999858e+00 -7.403958492997944618e-02 -9.031552873294229622e-01
1.099999999999999867e+00 -6.524847456737205287e-02 -8.541124957644899984e-01
1.109999999999999876e+00 -5.695733501468965704e-02 -8.054794048062163814e-01
1.119999999999999885e+00 -4.913888647124772108e-02 -7.598965539211951503e-01
1.129999999999999893e+00 -4.175940393626575292e-02 -7.179133584940337043e-01
1.139999999999999902e+00 -3.478061930136704810e-02 -6.791589442503672691e-01
1.149999999999999911e+00 -2.817622505125840990e-02 -6.437267068634896505e-01
1.159999999999999920e+00 -2.190608516409725884e-02 -1.113201799737292497e+00
1.169999999999999929e+00 -5.912189056512563712e-03 -1.070840480016743035e+00
1.179999999999999938e+00 -4.892755637624001059e-04 -2.939274946235214681e-01
1.189999999999999947e+00 -3.363916404213325814e-05 -2.446377818812001115e-02
1.199999999999999956e+00 0.000000000000000000e+00 -3.363916404213325786e-03
