0.000000000000000000e+00 1.725376266757963776e+03 6.600420986659768460e+03
1.000000000000000021e-02 1.659372056891366128e+03 6.600420986659768460e+03
2.000000000000000042e-02 1.593367847024768253e+03 6.600420986659779373e+03
2.999999999999999889e-02 1.527363637158170377e+03 6.600420986659779373e+03
4.000000000000000083e-02 1.461359427291572729e+03 6.600420986659768460e+03
4.999999999999999584e-02 1.395355217424975081e+03 6.600420986659779373e+03
5.999999999999999778e-02 1.329351007558377205e+03 6.600420986659768460e+03
6.999999999999999278e-02 1.263346797691779784e+03 6.600420986659779373e+03
8.000000000000000167e-02 1.197342587825181681e+03 6.600420986659779373e+03
8.999999999999999667e-02 1.131338377958584260e+03 6.600420986659768460e+03
9.999999999999999167e-02 1.065334168091986385e+03 6.600420986659779373e+03
1.099999999999999867e-01 9.993299582253886229e+02 6.600420986659768460e+03
1.199999999999999956e-01 9.333257483587909746e+02 6.600420986659768460e+03
1.300000000000000044e-01 8.673215384921932127e+02 6.600420986659779373e+03
1.399999999999999856e-01 8.013173286255953371e+02 6.600420986659779373e+03
1.499999999999999944e-01 7.353131187589976889e+02 6.600420986659768460e+03
1.600000000000000033e-01 6.693089088924000407e+02 6.600420986659773916e+03
1.699999999999999845e-01 6.033046990258022788e+02 6.600420986659773916e+03
1.799999999999999933e-01 5.373004891592045169e+02 6.600420986659768460e+03
1.899999999999999745e-01 4.712962792926068687e+02 6.600420986659773916e+03
1.999999999999999833e-01 4.052920694260091068e+02 6.600420986659773916e+03
2.099999999999999922e-01 3.392878595594114017e+02 6.600420986659771188e+03
2.199999999999999734e-01 2.732836496928136967e+02 6.600420986659773916e+03
2.299999999999999822e-01 2.072794398262159348e+02 6.600420986659783011e+03
2.399999999999999911e-01 1.412752299596180023e+02 6.600420986659783011e+03
2.500000000000000000e-01 7.527102009302029728e+01 6.600420986659773007e+03
2.600000000000000089e-01 9.266810226422576235e+00 3.582870987586125466e+03
2.700000000000000178e-01 3.613600341297792173e+00 4.185065468476299770e+02
2.799999999999999711e-01 8.966792894699785466e-01 2.106272620805017937e+02
2.899999999999999800e-01 -5.989449003122429005e-01 1.124147311843391606e+02
2.999999999999999889e-01 -1.351615334216804687e+00 4.810462119325302410e+01
3.099999999999999423e-01 -1.561037324177303232e+00 9.480955494709518705e-01
3.200000000000000067e-01 -1.370577245206223704e+00 -3.045893087185779535e+01
3.300000000000000155e-01 -9.518587067401474977e-01 -4.062092419589261283e+01
3.399999999999999689e-01 -5.581587612883716076e-01 -2.758710490326746267e+01
3.500000000000000333e-01 -4.001166086747982020e-01 -5.368868710790508203e+00
3.599999999999999867e-01 -4.507813870725614347e-01 6.969778509457051463e+00
3.699999999999999956e-01 -5.395121788639392069e-01 8.305247325526206481e+00
3.799999999999999489e-01 -6.168863335830855332e-01 9.404964230871941666e+00
3.900000000000000133e-01 -7.276114634813780624e-01 1.306119401240106370e+01
3.999999999999999667e-01 -8.781102138311067673e-01 1.541190676497852508e+01
4.099999999999999756e-01 -1.035849598780948400e+00 1.480208563181936299e+01
4.199999999999999845e-01 -1.174151926467494000e+00 1.268086170281616276e+01
4.299999999999999933e-01 -1.289466832837271815e+00 1.054480404026024765e+01
4.399999999999999467e-01 -1.385048007272698944e+00 8.497939340556749599e+00
4.499999999999999556e-01 -1.459425619648406558e+00 5.759196350598131176e+00
4.599999999999999645e-01 -1.500231934284661506e+00 2.010657119382088354e+00
4.699999999999999734e-01 -1.499638762036048512e+00 -2.184916626767505310e+00
4.799999999999999822e-01 -1.456533601749311346e+00 -5.960556567226118929e+00
4.899999999999999911e-01 -1.380427630691525964e+00 -8.681866433840779607e+00
5.000000000000000000e-01 -1.282896273072495763e+00 -1.046685423816908589e+01
5.100000000000000089e-01 -1.171090545928144433e+00 -1.198072381447307677e+01
5.200000000000000178e-01 -1.043281796783034343e+00 -1.377209665598349808e+01
5.299999999999999156e-01 -8.956486128084744092e-01 -1.565027088107967934e+01
5.400000000000000355e-01 -7.302763791614407252e-01 -1.687293073363795415e+01
5.499999999999999334e-01 -5.581899981357153484e-01 -1.671709572776442698e+01
5.599999999999999423e-01 -3.959344646061522255e-01 -1.501874549731242503e+01
5.699999999999999512e-01 -2.578150881894669122e-01 -1.230748036130887968e+01
5.799999999999999600e-01 -1.497848573799746286e-01 -9.781696815117479460e+00
5.899999999999999689e-01 -6.218115188711733493e-02 -8.406110152593599949e+00
5.999999999999999778e-01 1.833734567189734474e-02 -8.298651489665338943e+00
6.099999999999999867e-01 1.037918779061894059e-01 -8.851053782522136260e+00
6.199999999999998845e-01 1.953584213223400479e-01 -9.383222495590876733e+00
6.300000000000000044e-01 2.914563278180069550e-01 -9.377879761011175930e+00
6.400000000000000133e-01 3.829160165425635753e-01 -8.503464840243529110e+00
6.499999999999999112e-01 4.615256246228775505e-01 -6.801401901399533045e+00
6.600000000000000311e-01 5.189440545705541474e-01 -4.620056008613722121e+00
6.700000000000000400e-01 5.539267447951519152e-01 -2.342010729033801919e+00
6.799999999999999378e-01 5.657842691512302569e-01 -2.203153642042023908e-01
6.899999999999999467e-01 5.583330520792360030e-01 1.524049471415087620e+00
7.000000000000000666e-01 5.353032797229284601e-01 2.731975157938507870e+00
7.099999999999999645e-01 5.036935489204658056e-01 3.354413429845397143e+00
7.199999999999999734e-01 4.682150111260205416e-01 3.576161122772492984e+00
7.299999999999998712e-01 4.321703264650160192e-01 3.672377055434177695e+00
7.399999999999999911e-01 3.947674700173369744e-01 3.980455753031012289e+00
7.500000000000000000e-01 3.525612114043957801e-01 4.731813299242202397e+00
7.599999999999998979e-01 3.001312040324929376e-01 5.844801446220829533e+00
7.699999999999999067e-01 2.356651824799791961e-01 6.956339334417735110e+00
7.800000000000000266e-01 1.610044173441382842e-01 7.739252938925620384e+00
7.899999999999999245e-01 8.088012370146678565e-02 8.000199648696650456e+00
7.999999999999999334e-01 1.000424370205284588e-03 7.702383879975950975e+00
8.100000000000000533e-01 -7.316755389805221221e-02 7.022833230642038238e+00
8.199999999999999512e-01 -1.394562402426354486e-01 6.118547783945212259e+00
8.299999999999999600e-01 -1.955385095769564263e-01 4.922982999269234661e+00
8.399999999999999689e-01 -2.379159002280201440e-01 3.320668003509922972e+00
8.499999999999999778e-01 -2.619518696471548891e-01 1.457884587622242822e+00
8.599999999999999867e-01 -2.670735919804649861e-01 -2.744355309262745402e-01
8.699999999999999956e-01 -2.564631590286293727e-01 -1.465874752176843820e+00
8.799999999999998934e-01 -2.377560969369281185e-01 -1.920802754023812398e+00
8.900000000000000133e-01 -2.180471039481531592e-01 -1.691579640487858027e+00
8.999999999999999112e-01 -2.039245041271709746e-01 -1.130448847312689464e+00
9.099999999999999201e-01 -1.954381270018993588e-01 -7.249759172877875413e-01
9.199999999999999289e-01 -1.894249857814152282e-01 -7.480350044662306130e-01
9.299999999999999378e-01 -1.804774269125747621e-01 -1.181522996726076080e+00
9.399999999999999467e-01 -1.657945258468937200e-01 -1.808283283133557795e+00
9.499999999999999556e-01 -1.443117612499036084e-01 -2.390546927032602298e+00
9.599999999999999645e-01 -1.179835873062416718e-01 -2.796499737115988538e+00
9.699999999999999734e-01 -8.838176650758382269e-02 -3.043387825730420104e+00
9.799999999999999822e-01 -5.711583079163327220e-02 -3.148332900850610461e+00
9.899999999999998801e-01 -2.541510849057162374e-02 -3.032620787054074007e+00
1.000000000000000000e+00 3.536584949448197748e-03 -2.611406476248113506e+00
1.010000000000000009e+00 2.681302103439064596e-02 -1.968018732422671446e+00
1.020000000000000018e+00 4.289695959790162244e-02 -1.269227414401170817e+00
1.029999999999999805e+00 5.219756932241405994e-02 -6.218587569570015461e-01
1.040000000000000036e+00 5.533413473704165003e-02 -1.213967747968411164e-02
1.050000000000000044e+00 5.244036287200774804e-02 5.396605889902711395e-01
1.059999999999999831e+00 4.454092295723623141e-02 9.440941859252587331e-01
1.069999999999999840e+00 3.355847915350257393e-02 1.150852872057926746e+00
1.080000000000000071e+00 2.152386551607769760e-02 1.184532689879732592e+00
1.089999999999999858e+00 9.867825355907924867e-03 1.097438507912467776e+00
1.099999999999999867e+00 -4.249046421716583884e-04 9.415183013524580646e-01
1.109999999999999876e+00 -8.962540671141234344e-03 7.338705378582173200e-01
1.119999999999999885e+00 -1.510231539933600160e-02 4.917824565998221154e-01
1.129999999999999893e+00 -1.879818980313767776e-02 2.755089352073032405e-01
1.139999999999999902e+00 -2.061249410348206523e-02 1.067275869856310067e-01
1.149999999999999911e+00 -2.093274154285029720e-02 -4.723727228780882220e-02
1.159999999999999920e+00 -1.966774865772588990e-02 -7.829573201331315735e-01
1.169999999999999929e+00 -5.273595140187665141e-03 -9.495823107055412216e-01
1.179999999999999938e+00 -6.761024436150638852e-04 -2.607208769107589585e-01
1.189999999999999947e+00 -5.917760197248620097e-05 -3.380512218075319708e-02
1.199999999999999956e+00 0.000000000000000000e+00 -5.917760197248620423e-03
