0.000000000000000000e+00 4.236592043200000717e+02 1.435200700800000277e+03
1.001999999999999939e-02 4.093072056800000382e+02 1.435200700800000277e+03
1.998000000000000123e-02 3.949552070400000616e+02 1.435200700800000277e+03
2.999999999999999889e-02 3.806032084000000282e+02 1.435200700800000277e+03
4.001999999999999308e-02 3.662512097600000516e+02 1.435200700800000277e+03
4.997999999999999665e-02 3.518991692800000806e+02 1.435200700800000277e+03
5.999999999999999778e-02 3.375471706400000471e+02 1.435200700800000277e+03
7.001999999999999891e-02 3.231951720000000705e+02 1.435200700800000277e+03
7.997999999999999554e-02 3.088431733600000371e+02 1.435200700800000277e+03
8.999999999999999667e-02 2.944911747200000605e+02 1.435200700800000277e+03
1.000199999999999839e-01 2.801391342400000326e+02 1.435200700800000277e+03
1.099799999999999944e-01 2.657871355999999992e+02 1.435200700800000277e+03
1.199999999999999956e-01 2.514351369600000226e+02 1.435200700800000277e+03
1.300199999999999967e-01 2.370831383200000175e+02 1.435200700800000277e+03
1.399799999999999933e-01 2.227311396800000125e+02 1.435200700800000277e+03
1.499999999999999944e-01 2.083790992000000415e+02 1.435200700800000277e+03
1.600199999999999956e-01 1.940271005600000365e+02 1.435200700800000277e+03
1.699799999999999922e-01 1.796751019200000314e+02 1.435200700800000277e+03
1.799999999999999933e-01 1.653231032800000264e+02 1.435200700800000277e+03
1.900199999999999945e-01 1.509711046400000214e+02 1.435200700800000277e+03
1.999799999999999911e-01 1.366190641600000220e+02 1.435200700800000277e+03
2.099999999999999922e-01 1.222670655200000169e+02 1.435200700800000277e+03
2.200200000000000211e-01 1.079150668800000119e+02 1.435200700800000277e+03
2.299799999999999622e-01 9.356306824000002109e+01 1.435200700800000277e+03
2.399999999999999911e-01 7.921106960000000186e+01 1.435200700800000277e+03
2.500200000000000200e-01 6.485907096000001104e+01 1.435200700800000277e+03
2.599799999999999889e-01 5.050703048000000450e+01 1.435200700800000277e+03
2.700000000000000178e-01 3.615503184000000658e+01 1.435200700800000277e+03
2.800199999999999911e-01 2.180303320000000511e+01 1.435200700800000277e+03
2.899800000000000155e-01 7.451034560000000084e+00 8.801237161333334598e+02
2.999999999999999889e-01 4.200568640000000187e+00 2.872144456000000901e+02
3.100200000000000178e-01 1.706737280000000245e+00 2.211534788000000447e+02
3.199799999999999867e-01 -2.225051200000000562e-01 1.725093882666666900e+02
3.300000000000000155e-01 -1.743472800000000156e+00 1.357945790666666994e+02
3.400199999999999889e-01 -2.938423200000000346e+00 1.058920192000000213e+02
3.499800000000000133e-01 -3.861288080000000456e+00 8.035462653333335936e+01
3.599999999999999867e-01 -4.545497600000000915e+00 5.801680840000000927e+01
3.700200000000000156e-01 -5.021636800000000456e+00 3.734059613333334227e+01
3.799799999999999844e-01 -5.292299760000000575e+00 1.926062560000000445e+01
3.900000000000000133e-01 -5.406857680000000776e+00 2.585990933333333963e+00
4.000199999999999867e-01 -5.344014000000001374e+00 -1.357903253333333637e+01
4.099800000000000111e-01 -5.135274240000000212e+00 -2.549631973333334045e+01
4.199999999999999845e-01 -4.834109920000001281e+00 -3.430852106666667112e+01
4.300200000000000133e-01 -4.449098240000000537e+00 -3.671773800000000421e+01
4.399799999999999822e-01 -4.099734240000000973e+00 -3.168006253333334143e+01
4.499999999999999556e-01 -3.815473279999999967e+00 -2.269352786666667399e+01
4.600199999999999845e-01 -3.645895760000000596e+00 -1.416646613333333704e+01
4.699799999999999534e-01 -3.532174640000000476e+00 -1.209699000000000169e+01
4.799999999999999822e-01 -3.403935040000000356e+00 -1.113759880000000280e+01
4.900199999999999556e-01 -3.309418480000000162e+00 -5.474764000000001296e+00
4.999799999999999800e-01 -3.294439760000000383e+00 -2.462284000000000805e+00
5.100000000000000089e-01 -3.260172800000000315e+00 -4.047392400000000556e+00
5.200200000000000378e-01 -3.213479360000000451e+00 -7.273116933333334977e+00
5.299800000000000066e-01 -3.114695120000000372e+00 -5.821059733333334485e+00
5.400000000000000355e-01 -3.097080480000000247e+00 -3.210174000000000749e+00
5.500199999999999534e-01 -3.050512560000000040e+00 -4.867456400000000905e+00
5.599800000000000333e-01 -2.999718800000000574e+00 -6.906319600000001557e+00
5.699999999999999512e-01 -2.912356880000000370e+00 -1.313308786666667061e+01
5.800199999999999800e-01 -2.737047280000000082e+00 -1.572172866666667090e+01
5.899799999999999489e-01 -2.597929280000000229e+00 -1.435432773333333500e+01
5.999999999999999778e-01 -2.449983040000000223e+00 -1.748179800000000483e+01
6.100199999999998957e-01 -2.248314240000000019e+00 -2.047063840000000212e+01
6.199800000000000866e-01 -2.040578640000000554e+00 -1.878281280000000208e+01
6.300000000000000044e-01 -1.872632880000000055e+00 -1.414394226666667009e+01
6.400199999999999223e-01 -1.757698399999999994e+00 -1.059521293333333425e+01
6.499799999999998912e-01 -1.660755120000000140e+00 -7.506793333333335205e+00
6.600000000000000311e-01 -1.607534640000000126e+00 -2.664162000000000585e+00
6.700199999999999489e-01 -1.607450960000000206e+00 3.066872000000001042e-01
6.799799999999999178e-01 -1.613685120000000195e+00 2.298201466666667248e+00
6.899999999999999467e-01 -1.653433120000000089e+00 3.872919600000000351e+00
7.000199999999999756e-01 -1.691130960000000183e+00 3.041349600000000208e+00
7.099799999999999445e-01 -1.714226640000000357e+00 4.286647466666667405e+00
7.199999999999999734e-01 -1.776861120000000405e+00 5.754813066666667254e+00
7.300199999999998912e-01 -1.829328480000000257e+00 4.868641866666667539e+00
7.399799999999999711e-01 -1.874264640000000037e+00 4.157780266666667224e+00
7.500000000000000000e-01 -1.912506400000000051e+00 4.364330400000000942e+00
7.600199999999999179e-01 -1.961542880000000322e+00 3.757371466666667548e+00
7.699799999999999978e-01 -1.987651040000000480e+00 2.335369333333333852e+00
7.800000000000000266e-01 -2.008236320000000408e+00 1.323747866666667106e+00
7.900199999999999445e-01 -2.014135760000000275e+00 -3.611489333333334217e-01
7.999799999999999134e-01 -2.000998000000000054e+00 -2.103366533333333788e+00
8.100000000000000533e-01 -1.972044720000000417e+00 -2.048974533333333792e+00
8.200199999999999712e-01 -1.960036639999999997e+00 -1.565164666666666982e+00
8.299799999999999400e-01 -1.940748400000000151e+00 -2.308591733333333895e+00
8.399999999999999689e-01 -1.913845280000000315e+00 -2.806418000000000301e+00
8.500199999999999978e-01 -1.884640960000000476e+00 -1.097393466666666928e+00
8.599799999999999667e-01 -1.891921120000000123e+00 -4.264193333333334279e-01
8.699999999999999956e-01 -1.876105600000000262e+00 -1.006530933333333655e+00
8.800199999999999134e-01 -1.871796080000000195e+00 -1.250109466666666780e+00
8.899799999999999933e-01 -1.851085280000000166e+00 -2.299735600000000435e+00
8.999999999999999112e-01 -1.825772080000000130e+00 -3.014223333333333699e+00
9.100199999999999401e-01 -1.790793840000000303e+00 -3.539664000000000588e+00
9.199800000000000200e-01 -1.754978800000000172e+00 -4.220540266666667151e+00
9.299999999999999378e-01 -1.706402560000000346e+00 -5.353149066666667899e+00
9.400199999999999667e-01 -1.647952080000000041e+00 -4.837959200000001125e+00
9.499799999999999356e-01 -1.609626640000000330e+00 -4.425904933333334235e+00
9.599999999999999645e-01 -1.559418640000000300e+00 -6.423764933333334426e+00
9.700199999999999934e-01 -1.481177840000000190e+00 -7.570390133333334326e+00
9.799799999999999622e-01 -1.407999680000000309e+00 -7.812643733333334950e+00
9.899999999999998801e-01 -1.324905439999999990e+00 -8.712482666666668152e+00
1.000019999999999909e+00 -1.233777920000000083e+00 -8.901669200000002391e+00
1.009979999999999878e+00 -1.146876240000000102e+00 -8.434246666666668446e+00
1.020000000000000018e+00 -1.065079040000000088e+00 -8.524760533333335388e+00
1.030019999999999936e+00 -9.763782400000001749e-01 -8.006781333333334416e+00
1.039979999999999905e+00 -9.049573600000001550e-01 -6.386806266666667398e+00
1.050000000000000044e+00 -8.486407200000002371e-01 -6.812179600000001223e+00
1.060019999999999962e+00 -7.686844800000001143e-01 -7.683079200000000775e+00
1.069979999999999931e+00 -6.949624000000000912e-01 -7.345709333333335422e+00
1.080000000000000071e+00 -6.217842400000000991e-01 -7.854274533333334141e+00
1.090019999999999989e+00 -5.378950400000001020e-01 -8.468346266666667788e+00
1.099979999999999958e+00 -4.524159200000000269e-01 -7.744305066666668402e+00
1.110000000000000098e+00 -3.830033600000000149e-01 -7.222141866666667909e+00
1.120020000000000016e+00 -3.079842400000000202e-01 -7.285390000000001365e+00
1.129979999999999984e+00 -2.373164800000000518e-01 -6.773686800000001007e+00
1.139999999999999902e+00 -1.725063200000000185e-01 -6.582338533333333963e+00
1.150020000000000042e+00 -1.056460000000000177e-01 -6.196225066666667836e+00
1.159980000000000011e+00 -4.857624000000000664e-02 -5.429576800000001313e+00
1.169999999999999929e+00 2.928800000000000500e-03 -2.487388000000000599e+00
1.180019999999999847e+00 1.171520000000000113e-03 1.418376000000000359e-01
1.189980000000000038e+00 8.368000000000001197e-05 5.871546666666667413e-02
1.199999999999999956e+00 0.000000000000000000e+00 9.902133333333335355e-03
