0.000000000000000000e+00 2.280762723771418621e+02 7.453174810724302688e+02
1.000000000000000021e-02 2.206230975664175844e+02 7.453174810724315194e+02
2.000000000000000042e-02 2.131699227556932499e+02 7.453174810724326562e+02
2.999999999999999889e-02 2.057167479449689154e+02 7.453174810724315194e+02
4.000000000000000083e-02 1.982635731342446093e+02 7.453174810724315194e+02
4.999999999999999584e-02 1.908103983235203032e+02 7.453174810724339068e+02
5.999999999999999778e-02 1.833572235127959402e+02 7.453174810724315194e+02
6.999999999999999278e-02 1.759040487020716625e+02 7.453174810724315194e+02
8.000000000000000167e-02 1.684508738913473280e+02 7.453174810724326562e+02
8.999999999999999667e-02 1.609976990806230219e+02 7.453174810724315194e+02
9.999999999999999167e-02 1.535445242698986874e+02 7.453174810724315194e+02
1.099999999999999867e-01 1.460913494591743813e+02 7.453174810724326562e+02
1.199999999999999956e-01 1.386381746484500468e+02 7.453174810724326562e+02
1.300000000000000044e-01 1.311849998377257407e+02 7.453174810724315194e+02
1.399999999999999856e-01 1.237318250270014062e+02 7.453174810724326562e+02
1.499999999999999944e-01 1.162786502162770859e+02 7.453174810724326562e+02
1.600000000000000033e-01 1.088254754055527656e+02 7.453174810724319741e+02
1.699999999999999845e-01 1.013723005948284452e+02 7.453174810724315194e+02
1.799999999999999933e-01 9.391912578410413914e+01 7.453174810724319741e+02
1.899999999999999745e-01 8.646595097337980462e+01 7.453174810724319741e+02
1.999999999999999833e-01 7.901277616265549852e+01 7.453174810724315194e+02
2.099999999999999922e-01 7.155960135193117821e+01 7.453174810724315194e+02
2.199999999999999734e-01 6.410642654120687212e+01 7.453174810724319741e+02
2.299999999999999822e-01 5.665325173048253760e+01 7.453174810724332247e+02
2.399999999999999911e-01 4.920007691975820308e+01 7.453174810724326562e+02
2.500000000000000000e-01 4.174690210903388987e+01 7.453174810724319741e+02
2.600000000000000089e-01 3.429372729830956246e+01 7.453174810724319741e+02
2.700000000000000178e-01 2.684055248758524925e+01 7.453174810724316330e+02
2.799999999999999711e-01 1.938737767686092894e+01 7.453174810724318604e+02
2.899999999999999800e-01 1.193420286613661396e+01 7.453174810724316330e+02
2.999999999999999889e-01 4.481028055412296318e+00 4.502196409843362517e+02
3.099999999999999423e-01 2.929810046449889516e+00 1.304480625416113355e+02
3.200000000000000067e-01 1.872066804580069244e+00 9.463838829950168474e+01
3.300000000000000155e-01 1.037042280459856247e+00 7.599503320797091988e+01
3.399999999999999689e-01 3.521661404206510304e-01 6.160988092019522355e+01
3.500000000000000333e-01 -1.951553379440482405e-01 4.901692060213260760e+01
3.599999999999999867e-01 -6.281722716220010660e-01 3.865004751522182858e+01
3.699999999999999956e-01 -9.681562882484847643e-01 3.020737623807205097e+01
3.799999999999999489e-01 -1.232319796383442023e+00 2.300834535043126650e+01
3.900000000000000133e-01 -1.428323195257110045e+00 1.689577190350828673e+01
3.999999999999999667e-01 -1.570235234453607687e+00 1.213102285503201649e+01
4.099999999999999756e-01 -1.670943652357750331e+00 8.726646114346589655e+00
4.199999999999999845e-01 -1.744768156740539533e+00 6.401738372252028242e+00
4.299999999999999933e-01 -1.798978419802790940e+00 4.623051831395033950e+00
4.399999999999999467e-01 -1.837229193368440150e+00 2.892916961631599282e+00
4.499999999999999556e-01 -1.856836759035422890e+00 1.153590978031902914e+00
4.599999999999999645e-01 -1.860301012929078235e+00 -3.245570247134884623e-01
4.699999999999999734e-01 -1.850345618541153092e+00 -1.469523472945686526e+00
4.799999999999999822e-01 -1.830910543470164686e+00 -2.361688585725537859e+00
4.899999999999999911e-01 -1.803111846826642273e+00 -3.074990891438805107e+00
5.000000000000000000e-01 -1.769410725641388460e+00 -3.676131288527265006e+00
5.100000000000000089e-01 -1.729589221056097026e+00 -4.330265834353134835e+00
5.200000000000000178e-01 -1.682805408954325843e+00 -5.010630923147512128e+00
5.299999999999999156e-01 -1.629376602593146872e+00 -5.643226497510778650e+00
5.400000000000000355e-01 -1.569940879004110279e+00 -6.142807609605522856e+00
5.499999999999999334e-01 -1.506520450401036326e+00 -6.494832092117658995e+00
5.599999999999999423e-01 -1.440044237161757001e+00 -6.761516521834817439e+00
5.699999999999999512e-01 -1.371290119964340137e+00 -6.901434493859061270e+00
5.799999999999999600e-01 -1.302015547284575803e+00 -6.790771306431834908e+00
5.899999999999999689e-01 -1.235474693835703297e+00 -6.443651818317903235e+00
5.999999999999999778e-01 -1.173142510918217862e+00 -6.012864043659377877e+00
6.099999999999999867e-01 -1.115217412962515864e+00 -5.641431895779865258e+00
6.199999999999998845e-01 -1.060313873002620477e+00 -5.388249926945701596e+00
6.300000000000000044e-01 -1.007452414423601894e+00 -5.246045312964747076e+00
6.400000000000000133e-01 -9.553929667433256334e-01 -5.127609971127082389e+00
6.499999999999999112e-01 -9.049002150010602152e-01 -4.955270074646178635e+00
6.600000000000000311e-01 -8.562875652504020607e-01 -4.748082669691864766e+00
6.700000000000000400e-01 -8.099385616072228844e-01 -4.551768790396550912e+00
6.799999999999999378e-01 -7.652521894424709759e-01 -4.364607756790183757e+00
6.899999999999999467e-01 -7.226464064714192004e-01 -4.134122874728829444e+00
7.000000000000000666e-01 -6.825697319478943870e-01 -3.849895542843940532e+00
7.099999999999999645e-01 -6.456484956145404075e-01 -3.500573021404470353e+00
7.199999999999999734e-01 -6.125582715198050199e-01 -3.113453326311681479e+00
7.299999999999998712e-01 -5.833794290883067557e-01 -2.749147509231271158e+00
7.399999999999999911e-01 -5.575753213351796189e-01 -2.441487692039123303e+00
7.500000000000000000e-01 -5.345496752475243918e-01 -2.181193963873020003e+00
7.599999999999998979e-01 -5.139514420577192544e-01 -1.994703029897854529e+00
7.699999999999999067e-01 -4.946556146495672546e-01 -1.895771144576863021e+00
7.800000000000000266e-01 -4.760360191661819340e-01 -1.822209776245262702e+00
7.899999999999999245e-01 -4.582114191246620116e-01 -1.733214916086542434e+00
7.999999999999999334e-01 -4.413717208444510876e-01 -1.649182043386634877e+00
8.100000000000000533e-01 -4.252277782569293119e-01 -1.577856237503788339e+00
8.199999999999999512e-01 -4.098145960943753163e-01 -1.546516775617708506e+00
8.299999999999999600e-01 -3.942974427445751218e-01 -1.585398756185558478e+00
8.399999999999999689e-01 -3.781066209706641645e-01 -1.673277732498755777e+00
8.499999999999999778e-01 -3.608318880946000395e-01 -1.780259420767364320e+00
8.599999999999999867e-01 -3.425014325553168981e-01 -1.879767331418671361e+00
8.699999999999999956e-01 -3.232365414662266012e-01 -1.911503389592362545e+00
8.799999999999998934e-01 -3.042713647634696650e-01 -1.824989660806608072e+00
8.900000000000000133e-01 -2.867367482500944309e-01 -1.668656474086917418e+00
8.999999999999999112e-01 -2.708982352817312922e-01 -1.536553962569861431e+00
9.099999999999999201e-01 -2.560056689986972556e-01 -1.471750238200305372e+00
9.199999999999999289e-01 -2.414632305177251970e-01 -1.458912015848839117e+00
9.299999999999999378e-01 -2.268274286817204555e-01 -1.465471702806070642e+00
9.399999999999999467e-01 -2.121537964616037886e-01 -1.467026876107802025e+00
9.499999999999999556e-01 -1.974868911595644150e-01 -1.453419015150740456e+00
9.599999999999999645e-01 -1.830854161585890039e-01 -1.418571105129477372e+00
9.699999999999999734e-01 -1.691154690569748598e-01 -1.362457062038616495e+00
9.799999999999999822e-01 -1.558362749178166529e-01 -1.282894219903219390e+00
9.899999999999998801e-01 -1.434575846589104808e-01 -1.194912346869237973e+00
1.000000000000000000e+00 -1.319380279804319156e-01 -1.115895736209183031e+00
1.010000000000000009e+00 -1.211396699347268291e-01 -1.040394845141138003e+00
1.020000000000000018e+00 -1.111301310776091483e-01 -9.771949779074128317e-01
1.029999999999999805e+00 -1.015957703765785758e-01 -9.509385955124611822e-01
1.040000000000000036e+00 -9.211135916735993523e-02 -9.532007009839319478e-01
1.050000000000000044e+00 -8.253175635689993794e-02 -9.400750580342864815e-01
1.059999999999999831e+00 -7.330985800667420837e-02 -8.872042385058107605e-01
1.069999999999999840e+00 -6.478767158678372384e-02 -8.127161182790769711e-01
1.080000000000000071e+00 -5.705553564109266951e-02 -7.402767803136504066e-01
1.089999999999999858e+00 -4.998213598051071127e-02 -6.797805145681911076e-01
1.099999999999999867e+00 -4.345992534972884652e-02 -6.277800644093940452e-01
1.109999999999999876e+00 -3.742653469232283536e-02 -5.802061591246390204e-01
1.119999999999999885e+00 -3.185580216723606778e-02 -5.376178115374612432e-01
1.129999999999999893e+00 -2.667417846157360897e-02 -4.996194739950535202e-01
1.139999999999999902e+00 -2.186341268733500015e-02 -4.630894245369879814e-01
1.149999999999999911e+00 -1.741238997083385115e-02 -4.275186883459652920e-01
1.159999999999999920e+00 -1.331303892041569431e-02 -6.591919296154198360e-01
1.169999999999999929e+00 -4.228551378525455436e-03 -6.413705245884999684e-01
1.179999999999999938e+00 -4.856284286456959164e-04 -2.095959353283516347e-01
1.189999999999999947e+00 -3.663267195842347844e-05 -2.428142143228479918e-02
1.199999999999999956e+00 0.000000000000000000e+00 -3.663267195842347980e-03
