0.000000000000000000e+00 7.466364274866079143e+01 2.580643174697092945e+02
1.000000000000000021e-02 7.208299957396368995e+01 2.580643174697098630e+02
2.000000000000000042e-02 6.950235639926658848e+01 2.580643174697098630e+02
2.999999999999999889e-02 6.692171322456950122e+01 2.580643174697092945e+02
4.000000000000000083e-02 6.434107004987239975e+01 2.580643174697098630e+02
4.999999999999999584e-02 6.176042687517529828e+01 2.580643174697104882e+02
5.999999999999999778e-02 5.917978370047819681e+01 2.580643174697092945e+02
6.999999999999999278e-02 5.659914052578111665e+01 2.580643174697092945e+02
8.000000000000000167e-02 5.401849735108400807e+01 2.580643174697098630e+02
8.999999999999999667e-02 5.143785417638691371e+01 2.580643174697098630e+02
9.999999999999999167e-02 4.885721100168981224e+01 2.580643174697098630e+02
1.099999999999999867e-01 4.627656782699271787e+01 2.580643174697098630e+02
1.199999999999999956e-01 4.369592465229561640e+01 2.580643174697098630e+02
1.300000000000000044e-01 4.111528147759852203e+01 2.580643174697092945e+02
1.399999999999999856e-01 3.853463830290142766e+01 2.580643174697098630e+02
1.499999999999999944e-01 3.595399512820432619e+01 2.580643174697098630e+02
1.600000000000000033e-01 3.337335195350723183e+01 2.580643174697092945e+02
1.699999999999999845e-01 3.079270877881014101e+01 2.580643174697098630e+02
1.799999999999999933e-01 2.821206560411303599e+01 2.580643174697098630e+02
1.899999999999999745e-01 2.563142242941594162e+01 2.580643174697094651e+02
1.999999999999999833e-01 2.305077925471884726e+01 2.580643174697096356e+02
2.099999999999999922e-01 2.047013608002174934e+01 2.580643174697097493e+02
2.199999999999999734e-01 1.788949290532465142e+01 2.580643174697097493e+02
2.299999999999999822e-01 1.530884973062755705e+01 2.580643174697100335e+02
2.399999999999999911e-01 1.272820655593045203e+01 2.580643174697101472e+02
2.500000000000000000e-01 1.014756338123335411e+01 2.580643174697097493e+02
2.600000000000000089e-01 7.566920206536257076e+00 2.580643174697096356e+02
2.700000000000000178e-01 4.986277031839161822e+00 2.580643174697096356e+02
2.799999999999999711e-01 2.405633857142065235e+00 1.844240074026440652e+02
2.899999999999999800e-01 1.297796883786280553e+00 9.157002458950753976e+01
2.999999999999999889e-01 5.742333653519146042e-01 6.197609429993864438e+01
3.099999999999999423e-01 5.827499778750779708e-02 4.434788704823366601e+01
3.200000000000000067e-01 -3.127243756127586760e-01 3.140356769542955817e+01
3.300000000000000155e-01 -5.697963561210832584e-01 2.100755876821992985e+01
3.399999999999999689e-01 -7.328755509771571752e-01 1.242905899845456474e+01
3.500000000000000333e-01 -8.183775360901744955e-01 5.434274637758841564e+00
3.599999999999999867e-01 -8.415610437323340909e-01 -4.968256875745873796e-02
3.699999999999999956e-01 -8.173838847150253217e-01 -4.052098127146599005e+00
3.799999999999999489e-01 -7.605190811894020353e-01 -6.650348336836682250e+00
3.900000000000000133e-01 -6.843769179782916989e-01 -8.020204287399627319e+00
3.999999999999999667e-01 -6.001149954414095600e-01 -8.343195032100959807e+00
4.099999999999999756e-01 -5.175130173362725294e-01 -7.956515947546649592e+00
4.199999999999999845e-01 -4.409846764904765681e-01 -7.376105341850680119e+00
4.299999999999999933e-01 -3.699909104992589182e-01 -6.950545529728024086e+00
4.399999999999999467e-01 -3.019737658959161242e-01 -6.742834799455033057e+00
4.499999999999999556e-01 -2.351342145101582570e-01 -6.616451498282700072e+00
4.599999999999999645e-01 -1.696447359302621083e-01 -6.361246491291656646e+00
4.699999999999999734e-01 -1.079092846843251186e-01 -5.908761438316085801e+00
4.799999999999999822e-01 -5.146950716394040753e-02 -5.281354878986374679e+00
4.899999999999999911e-01 -2.282187104597649743e-03 -4.542446568699282317e+00
5.000000000000000000e-01 3.937942421004522048e-02 -3.733939710680334478e+00
5.100000000000000089e-01 7.239660710900903962e-02 -2.901350125011735059e+00
5.200000000000000178e-01 9.740642671027990862e-02 -2.107969529200700354e+00
5.299999999999999156e-01 1.145559976930230345e-01 -1.372090219405146527e+00
5.400000000000000355e-01 1.248482310983828475e-01 -7.225687854859699222e-01
5.499999999999999334e-01 1.290073734027424313e-01 -2.231843109791263324e-01
5.599999999999999423e-01 1.293119173179653747e-01 7.769634135428191146e-02
5.699999999999999512e-01 1.274534465756567980e-01 2.366324757310238613e-01
5.799999999999999600e-01 1.245792678033448980e-01 3.704794742633167881e-01
5.899999999999999689e-01 1.200438570903904628e-01 5.275206525055677886e-01
5.999999999999999778e-01 1.140288547532335439e-01 6.679399208727498927e-01
6.099999999999999867e-01 1.066850586729354705e-01 7.097621764797267252e-01
6.199999999999998845e-01 9.983361122363899887e-02 5.910108556176310035e-01
6.300000000000000044e-01 9.486484156058284933e-02 3.607753229345281309e-01
6.400000000000000133e-01 9.261810476494844457e-02 8.399887145665770050e-02
6.499999999999999112e-01 9.318486413144969061e-02 -1.958206319120830430e-01
6.600000000000000311e-01 9.653451740319010654e-02 -4.236261314566193148e-01
6.700000000000000400e-01 1.016573867605820858e-01 -5.296964885548131052e-01
6.799999999999999378e-01 1.071284471742863648e-01 -5.068262062686921254e-01
6.899999999999999467e-01 1.117939108859559161e-01 -4.215978458622439140e-01
7.000000000000000666e-01 1.155604040915312464e-01 -3.544043313848632692e-01
7.099999999999999645e-01 1.188819975136531926e-01 -3.228463481281811931e-01
7.199999999999999734e-01 1.220173310540948602e-01 -3.095195368442679729e-01
7.299999999999998712e-01 1.250723882505385409e-01 -3.050069524041058022e-01
7.399999999999999911e-01 1.281174701021769724e-01 -3.030571545535016842e-01
7.500000000000000000e-01 1.311335313416085724e-01 -2.972394746565705237e-01
7.599999999999998979e-01 1.340622595953084029e-01 -2.745475605536613073e-01
7.699999999999999067e-01 1.366244825526818085e-01 -2.254147171736237687e-01
7.800000000000000266e-01 1.385705539387808716e-01 -1.653218275274627724e-01
7.899999999999999245e-01 1.399309191032310495e-01 -1.156748905312637715e-01
7.999999999999999334e-01 1.408840517494061306e-01 -8.192360689919467309e-02
8.100000000000000533e-01 1.415693912412149535e-01 -4.883033761758132085e-02
8.199999999999999512e-01 1.418606585017577748e-01 -7.937507655758374581e-03
8.299999999999999600e-01 1.417281413943301260e-01 3.536253117880984453e-02
8.399999999999999689e-01 1.411534078781815638e-01 8.745337999253609274e-02
8.499999999999999778e-01 1.399790737944794083e-01 1.566881376042053298e-01
8.599999999999999867e-01 1.380196451260974622e-01 2.293232911351844316e-01
8.699999999999999956e-01 1.353926079717757136e-01 2.766655726185128783e-01
8.799999999999998934e-01 1.324863336737271968e-01 2.919044025282127031e-01
8.900000000000000133e-01 1.295545199212114473e-01 2.903333182314590810e-01
8.999999999999999112e-01 1.266796673090980208e-01 2.819022739066083805e-01
9.099999999999999201e-01 1.239164744430792942e-01 2.836347014986846382e-01
9.199999999999999289e-01 1.210069732791243385e-01 3.090056870163663261e-01
9.299999999999999378e-01 1.177363607027519660e-01 3.531580065647523248e-01
9.399999999999999467e-01 1.139438131478292815e-01 4.063245805499825503e-01
9.499999999999999556e-01 1.096098690917523127e-01 4.529091958866903189e-01
9.599999999999999645e-01 1.048856292300954784e-01 4.813381839531913342e-01
9.699999999999999734e-01 9.998310541268848328e-02 4.836807445092062840e-01
9.799999999999999822e-01 9.521201433991136054e-02 4.642826814009206604e-01
9.899999999999998801e-01 9.069745178467007729e-02 4.369671524982497446e-01
1.000000000000000000e+00 8.647267128994635954e-02 4.099987665012653215e-01
1.010000000000000009e+00 8.249747645464476642e-02 3.933686991224798479e-01
1.020000000000000018e+00 7.860529730749676869e-02 3.983787492653549922e-01
1.029999999999999805e+00 7.452990146933767546e-02 4.237393313901799408e-01
1.040000000000000036e+00 7.013051067969316987e-02 4.537958050030202473e-01
1.050000000000000044e+00 6.545398536927726774e-02 4.743939329870519583e-01
1.059999999999999831e+00 6.064263201995213209e-02 4.821193824010545081e-01
1.069999999999999840e+00 5.581159772125617730e-02 4.758360276637630393e-01
1.080000000000000071e+00 5.112591146667687381e-02 4.574953978758764528e-01
1.089999999999999858e+00 4.666168976373864796e-02 4.361708299639669439e-01
1.099999999999999867e+00 4.240249486739753465e-02 4.190842076989394482e-01
1.109999999999999876e+00 3.828000560975985955e-02 4.111645839005601544e-01
1.119999999999999885e+00 3.417920318938633129e-02 4.132551529271806801e-01
1.129999999999999893e+00 3.001490255121624928e-02 4.221397807643658684e-01
1.139999999999999902e+00 2.573640757409901419e-02 4.307171392048874115e-01
1.149999999999999911e+00 2.140055976711850022e-02 4.337907177684237059e-01
1.159999999999999920e+00 1.706059321873053952e-02 8.144705178699542802e-01
1.169999999999999929e+00 5.111149409719416108e-03 8.242175456026333835e-01
1.179999999999999938e+00 5.762423066778733392e-04 2.530947762162633063e-01
1.189999999999999947e+00 4.925388539414999564e-05 2.881211533389366544e-02
1.199999999999999956e+00 0.000000000000000000e+00 4.925388539414999808e-03
