0.000000000000000000e+00 6.931993029375209517e+03 1.278142899322961166e+05
1.000000200000000089e-02 5.753334133470144479e+03 1.079174892483610893e+05
1.999999800000000147e-02 4.773643244406592203e+03 8.969384661232047074e+04
2.999999999999999889e-02 3.959457201223456650e+03 7.453566286854253849e+04
4.000000199999999978e-02 3.282929987036160583e+03 6.192832128977090906e+04
4.999999799999999689e-02 2.720890775430688336e+03 5.144350669723221654e+04
5.999999999999999778e-02 2.254059853093608581e+03 4.272474052082946582e+04
7.000000199999999173e-02 1.866395965011728322e+03 3.547533962755134417e+04
7.999999800000000272e-02 1.544553060539792341e+03 2.944839284812919141e+04
8.999999999999999667e-02 1.277428108052352172e+03 2.443841715812333496e+04
1.000000019999999906e-01 1.055784717378720188e+03 2.027441210053445684e+04
1.099999979999999877e-01 8.719398660413842208e+02 1.681407818112052337e+04
1.199999999999999956e-01 7.195031537567280111e+02 1.393900421421708415e+04
1.300000020000000034e-01 5.931597817566240565e+02 1.155066126894761510e+04
1.399999979999999866e-01 4.884899283787520403e+02 9.567068064520961343e+03
1.499999999999999944e-01 4.018184204653680354e+02 7.920015305774948501e+03
1.600000020000000023e-01 3.300896222614400699e+02 6.552755299491641381e+03
1.699999979999999855e-01 2.707633144742800368e+02 5.418078883522867727e+03
1.799999999999999933e-01 2.217280445916800318e+02 4.476714763875107565e+03
1.900000019999999734e-01 1.812290191983120451e+02 3.695997229153733770e+03
1.999999979999999844e-01 1.478081000100000040e+02 3.048757264659480825e+03
2.099999999999999922e-01 1.202538739047040082e+02 2.512399624567133742e+03
2.200000019999999723e-01 9.756010751796000591e+01 2.068134694008427232e+03
2.299999980000000110e-01 7.889118002648801564e+01 1.700339195768307036e+03
2.399999999999999911e-01 6.355332360412801052e+01 1.396024143396066847e+03
2.500000019999999989e-01 5.097069715508001053e+01 1.144392062327413669e+03
2.599999980000000099e-01 4.066548235646400400e+01 9.364685128006534569e+02
2.700000000000000178e-01 3.224132690088000430e+01 1.222836423139186763e+03
2.800000019999999701e-01 1.620875389270400291e+01 1.338421264371146890e+03
2.899999979999999811e-01 5.472901613736000925e+00 6.687256700453068561e+02
2.999999999999999889e-01 2.834240491240000548e+00 2.859211152599200432e+02
3.100000019999999967e-01 -2.455206931360000566e-01 1.660473931978800408e+02
3.199999980000000077e-01 -4.867073731360000433e-01 2.411866804184000657e+01
3.300000000000000155e-01 -7.278940531360000854e-01 2.411866804184000657e+01
3.400000020000000234e-01 -9.690807331360000720e-01 1.482442575336000345e+01
3.499999979999999788e-01 -1.024382569040000135e+00 9.470281069026668774e+00
3.599999999999999867e-01 -1.158486354656000028e+00 1.194530071873333554e+01
3.700000019999999945e-01 -1.263288579928000255e+00 7.785463806866667724e+00
3.799999980000000055e-01 -1.314195630096000045e+00 3.674268196200000780e+00
3.900000000000000133e-01 -1.336773945944000230e+00 1.891651775000000368e+00
4.000000020000000212e-01 -1.352028667688000230e+00 1.538771360093333485e+00
4.099999979999999766e-01 -1.367549374680000263e+00 1.751145502880000482e+00
4.199999999999999845e-01 -1.387051576072000136e+00 1.924457298666667038e+00
4.300000019999999368e-01 -1.406038517864000248e+00 1.196019007546666790e+00
4.399999980000000033e-01 -1.410971955944000156e+00 -1.801291984133333579e-01
4.499999999999999556e-01 -1.402435934872000134e+00 -7.840887616133335181e-01
4.600000019999999634e-01 -1.395290181688000342e+00 -2.984080193466667197e-01
4.699999980000000299e-01 -1.396467772672000285e+00 2.475794136000000409e-02
4.799999999999999822e-01 -1.395785341352000275e+00 -6.648396431866667733e-01
4.900000019999999901e-01 -1.383170983016000166e+00 -1.727590412706666800e+00
4.999999979999999455e-01 -1.361233530448000328e+00 -2.527420205173333656e+00
5.100000000000000089e-01 -1.332622576960000194e+00 -3.312656930866666904e+00
5.200000019999999612e-01 -1.294980392528000124e+00 -4.087039077466667614e+00
5.299999979999999722e-01 -1.250881798200000228e+00 -4.363199192840001572e+00
5.400000000000000355e-01 -1.207716407416000282e+00 -4.206565232480000915e+00
5.500000019999999878e-01 -1.166750491040000171e+00 -4.107700813093334347e+00
5.599999979999999988e-01 -1.125562391712000121e+00 -3.952000512333333937e+00
5.699999999999999512e-01 -1.087710480096000021e+00 -3.238298087906667622e+00
5.800000019999999035e-01 -1.060796431488000069e+00 -2.222662714786666882e+00
5.899999980000000255e-01 -1.043257229008000220e+00 -1.899414050346666993e+00
5.999999999999999778e-01 -1.022808150760000201e+00 -2.628102900306667156e+00
6.100000019999999301e-01 -9.906951683519999996e-01 -3.509004721893333567e+00
6.199999980000000521e-01 -9.526280568800000736e-01 -3.669189259520000856e+00
6.300000000000000044e-01 -9.173113856720001014e-01 -3.292947766520000652e+00
6.400000019999999568e-01 -8.867691019680001840e-01 -2.980058002693334096e+00
6.499999980000000788e-01 -8.577102219920001991e-01 -2.996010555666666964e+00
6.600000000000000311e-01 -8.268488873680001072e-01 -3.148807146480000707e+00
6.700000019999999834e-01 -7.947340807360000481e-01 -3.052487052360000508e+00
6.799999979999998834e-01 -7.657991475760000943e-01 -2.726710819573333833e+00
6.899999999999999467e-01 -7.401998665760001206e-01 -2.641825583506667297e+00
7.000000019999998990e-01 -7.129626374400001021e-01 -2.848837253880000642e+00
7.099999979999999100e-01 -6.832231210800000509e-01 -2.867806805573334117e+00
7.199999999999999734e-01 -6.556064993760001292e-01 -2.557069577253333836e+00
7.300000019999999257e-01 -6.320817292560001466e-01 -2.225162082973333622e+00
7.399999979999999367e-01 -6.111032578560000594e-01 -2.055012672933333562e+00
7.500000000000000000e-01 -5.909814730080000800e-01 -2.068474762666666855e+00
7.600000019999999523e-01 -5.697337653920000466e-01 -2.280145993453333908e+00
7.699999979999999633e-01 -5.453785549520000497e-01 -2.517307295866666905e+00
7.800000000000000266e-01 -5.193876180800001130e-01 -2.474396673026666882e+00
7.900000019999999790e-01 -4.958906213520000161e-01 -2.194590076133333678e+00
7.999999979999999900e-01 -4.754958179520000217e-01 -2.034688251386667091e+00
8.100000000000000533e-01 -4.551968574400000467e-01 -2.083560530306666880e+00
8.200000020000000056e-01 -4.338246046960000379e-01 -2.100076919120000163e+00
8.299999979999999056e-01 -4.131953173840000604e-01 -1.981157458053333764e+00
8.399999999999999689e-01 -3.942014552560000329e-01 -1.862052227386667091e+00
8.500000019999999212e-01 -3.759542739520000398e-01 -1.873098294213333626e+00
8.599999979999999322e-01 -3.567394882560000480e-01 -1.997746425320000574e+00
8.699999999999999956e-01 -3.359993458640000430e-01 -2.042338151466666751e+00
8.800000019999999479e-01 -3.158927280160000461e-01 -1.871651397280000406e+00
8.899999979999999589e-01 -2.985663154079999937e-01 -1.633510955186666891e+00
8.999999999999999112e-01 -2.832225079360000120e-01 -1.488870612133333493e+00
9.100000019999999745e-01 -2.687889045600000415e-01 -1.393521150226666894e+00
9.199999979999999855e-01 -2.553520847920000558e-01 -1.339933970520000184e+00
9.299999999999999378e-01 -2.419902255680000391e-01 -1.427542237466667085e+00
9.400000020000000012e-01 -2.268012386480000031e-01 -1.562042628626667096e+00
9.499999980000000122e-01 -2.107493728560000390e-01 -1.516844689693333637e+00
9.599999999999999645e-01 -1.964643475040000198e-01 -1.319029465266666978e+00
9.700000020000000278e-01 -1.843687842480000172e-01 -1.148134836013333437e+00
9.799999979999999278e-01 -1.735016517600000141e-01 -9.977270860533336005e-01
9.899999999999998801e-01 -1.644142422479999976e-01 -8.223116169066668757e-01
1.000000001999999943e+00 -1.570554188640000126e-01 -7.629005184000000606e-01
1.009999997999999843e+00 -1.491562318800000175e-01 -9.214451163066669226e-01
1.020000000000000018e+00 -1.386265138880000136e-01 -1.144445566120000146e+00
1.030000001999999970e+00 -1.262673209760000193e-01 -1.201111040146666920e+00
1.039999997999999870e+00 -1.146042954560000104e-01 -1.064359545413333441e+00
1.050000000000000044e+00 -1.049801289520000264e-01 -8.916549247333335204e-01
1.060000001999999997e+00 -9.677119626400002006e-02 -7.982285477733335188e-01
1.069999997999999897e+00 -8.901555813600001144e-02 -7.853173165066668071e-01
1.080000000000000071e+00 -8.106484937600000329e-02 -8.291119278933335446e-01
1.090000002000000023e+00 -7.243332013600001229e-02 -8.853661426133335732e-01
1.099999997999999923e+00 -6.335752540800000665e-02 -8.774996508000001416e-01
1.110000000000000098e+00 -5.488332712000000557e-02 -7.912094066133334991e-01
1.120000002000000050e+00 -4.753334034400000935e-02 -7.024111891466667812e-01
1.129999997999999950e+00 -4.083510361600000554e-02 -6.589102527200001447e-01
1.139999999999999902e+00 -3.435513361600000398e-02 -6.372711486400001180e-01
1.150000001999999855e+00 -2.808968148000000331e-02 -6.175364340000001340e-01
1.159999997999999977e+00 -2.200440493600000144e-02 -1.230775586200000271e+00
1.169999999999999929e+00 -3.474167664000000610e-03 -1.074226365786666859e+00
1.180000001999999881e+00 -5.198787360000000799e-04 -1.693334114933333634e-01
1.189999998000000003e+00 -8.749999200000000397e-05 -2.599388101333334131e-02
1.199999999999999956e+00 0.000000000000000000e+00 8.493889586666667629e-03
