0.000000000000000000e+00 2.771258567133983206e+02 7.851009732889089037e+02
1.000000000000000021e-02 2.692748469805092668e+02 7.851009732889089037e+02
2.000000000000000042e-02 2.614238372476201562e+02 7.851009732889089037e+02
2.999999999999999889e-02 2.535728275147310740e+02 7.851009732889089037e+02
4.000000000000000083e-02 2.457218177818419917e+02 7.851009732889089037e+02
4.999999999999999584e-02 2.378708080489529095e+02 7.851009732889112911e+02
5.999999999999999778e-02 2.300197983160637705e+02 7.851009732889112911e+02
6.999999999999999278e-02 2.221687885831746883e+02 7.851009732889089037e+02
8.000000000000000167e-02 2.143177788502856060e+02 7.851009732889089037e+02
8.999999999999999667e-02 2.064667691173964954e+02 7.851009732889077668e+02
9.999999999999999167e-02 1.986157593845074416e+02 7.851009732889089037e+02
1.099999999999999867e-01 1.907647496516183310e+02 7.851009732889101542e+02
1.199999999999999956e-01 1.829137399187292488e+02 7.851009732889089037e+02
1.300000000000000044e-01 1.750627301858401381e+02 7.851009732889101542e+02
1.399999999999999856e-01 1.672117204529510275e+02 7.851009732889101542e+02
1.499999999999999944e-01 1.593607107200619453e+02 7.851009732889089037e+02
1.600000000000000033e-01 1.515097009871728631e+02 7.851009732889089037e+02
1.699999999999999845e-01 1.436586912542837808e+02 7.851009732889089037e+02
1.799999999999999933e-01 1.358076815213946702e+02 7.851009732889101542e+02
1.899999999999999745e-01 1.279566717885055738e+02 7.851009732889101542e+02
1.999999999999999833e-01 1.201056620556164773e+02 7.851009732889089037e+02
2.099999999999999922e-01 1.122546523227273951e+02 7.851009732889089037e+02
2.199999999999999734e-01 1.044036425898382987e+02 7.851009732889089037e+02
2.299999999999999822e-01 9.655263285694921649e+01 7.851009732889101542e+02
2.399999999999999911e-01 8.870162312406010585e+01 7.851009732889101542e+02
2.500000000000000000e-01 8.085061339117100943e+01 7.851009732889095858e+02
2.600000000000000089e-01 7.299960365828191300e+01 7.851009732889095858e+02
2.700000000000000178e-01 6.514859392539283078e+01 7.851009732889095858e+02
2.799999999999999711e-01 5.729758419250372725e+01 7.851009732889095858e+02
2.899999999999999800e-01 4.944657445961463793e+01 7.851009732889089037e+02
2.999999999999999889e-01 4.159556472672554861e+01 7.851009732889077668e+02
3.099999999999999423e-01 3.374455499383648061e+01 7.851009732889092447e+02
3.200000000000000067e-01 2.589354526094736286e+01 6.610102633097150147e+02
3.300000000000000155e-01 2.052434972764218557e+01 4.871596944941247216e+02
3.399999999999999689e-01 1.615035137106486829e+01 3.984392326299785623e+02
3.500000000000000333e-01 1.255556507504261354e+01 3.260077099568908352e+02
3.599999999999999867e-01 9.630197171927052935e+00 2.654864210257571244e+02
3.699999999999999956e-01 7.245836654527471055e+00 2.165540265535792059e+02
3.799999999999999489e-01 5.299116640855468852e+00 1.773903548962703667e+02
3.900000000000000133e-01 3.698029556602063561e+00 1.449767302232750978e+02
3.999999999999999667e-01 2.399582036389967143e+00 1.168605428793412244e+02
4.099999999999999756e-01 1.360818699015239330e+00 9.211080824326114680e+01
4.199999999999999845e-01 5.573658715247441497e-01 7.023586795510193781e+01
4.299999999999999933e-01 -4.389866008679933762e-02 5.138167454477381568e+01
4.399999999999999467e-01 -4.702676193707320262e-01 3.570957264845221601e+01
4.499999999999999556e-01 -7.580901130558436174e-01 2.319920842414769524e+01
4.599999999999999645e-01 -9.342517878536859000e-01 1.335821513882369693e+01
4.699999999999999734e-01 -1.025254415832317578e+00 5.737248369965882056e+00
4.799999999999999822e-01 -1.048996755253003510e+00 -1.040937041766337029e-01
4.899999999999999911e-01 -1.023172541748784692e+00 -4.632708920456644286e+00
5.000000000000000000e-01 -9.563425768438705843e-01 -8.267170755546974448e+00
5.100000000000000089e-01 -8.578291266378453850e-01 -1.082636570361259487e+01
5.200000000000000178e-01 -7.398152627716186869e-01 -1.196861427529419331e+01
5.299999999999999156e-01 -6.184568411319614212e-01 -1.189225639192259187e+01
5.400000000000000355e-01 -5.019701349331668894e-01 -1.129312416821253251e+01
5.499999999999999334e-01 -3.925943577677107887e-01 -1.058926552084616546e+01
5.599999999999999423e-01 -2.901848245162435558e-01 -9.767193556991164982e+00
5.699999999999999512e-01 -1.972504866278875224e-01 -8.576898345050087968e+00
5.799999999999999600e-01 -1.186468576152418242e-01 -6.863971249746606773e+00
5.899999999999999689e-01 -5.997106163295540249e-02 -4.579438114867659948e+00
5.999999999999999778e-01 -2.705809531788862937e-02 -1.872800434555027982e+00
6.099999999999999867e-01 -2.251505294185484132e-02 8.384668632552108036e-01
6.199999999999998845e-01 -4.382743258299284794e-02 3.073346257212242083e+00
6.300000000000000044e-01 -8.398197808609966786e-02 4.428490587697596403e+00
6.400000000000000133e-01 -1.323972443369447749e-01 4.772954932556889851e+00
6.499999999999999112e-01 -1.794410767372374427e-01 4.260981124204075599e+00
6.600000000000000311e-01 -2.176168668210262946e-01 3.291757258148853893e+00
6.700000000000000400e-01 -2.452762219002145028e-01 2.312725472534475024e+00
6.799999999999999378e-01 -2.638713762717157518e-01 1.592579268124231451e+00
6.899999999999999467e-01 -2.771278072626991440e-01 1.233825491498482529e+00
7.000000000000000666e-01 -2.885478861016854135e-01 1.180120632650668577e+00
7.099999999999999645e-01 -3.007302199157125266e-01 1.228522079703793901e+00
7.199999999999999734e-01 -3.131183276957613115e-01 1.177389544511666886e+00
7.299999999999998712e-01 -3.242780108059458710e-01 9.135886779657128587e-01
7.399999999999999911e-01 -3.313901012550755643e-01 4.532305660558842986e-01
7.500000000000000000e-01 -3.333426221270635592e-01 -5.117850384743359744e-03
7.599999999999998979e-01 -3.312877442473806666e-01 -2.754498022685885061e-01
7.699999999999999067e-01 -3.278336260816917536e-01 -3.476068541524322542e-01
7.800000000000000266e-01 -3.243356071643320737e-01 -3.822607642810514905e-01
7.899999999999999245e-01 -3.201884107960707437e-01 -4.979427219109880953e-01
7.999999999999999334e-01 -3.143767527261122630e-01 -7.520209286587403730e-01
8.100000000000000533e-01 -3.051479922228959585e-01 -1.098488870500035075e+00
8.199999999999999512e-01 -2.924069753161115948e-01 -1.409898652034987654e+00
8.299999999999999600e-01 -2.769500191821961943e-01 -1.626217617448799446e+00
8.399999999999999689e-01 -2.598826229671356014e-01 -1.800866313333268076e+00
8.499999999999999778e-01 -2.409326929155308217e-01 -1.982240228987171227e+00
8.599999999999999867e-01 -2.202378183873921758e-01 -2.155226294433984613e+00
8.699999999999999956e-01 -1.978281670268511316e-01 -2.253785421679697976e+00
8.799999999999998934e-01 -1.751621099537982174e-01 -2.230192485038619665e+00
8.900000000000000133e-01 -1.532243173260787461e-01 -2.097512431404803923e+00
8.999999999999999112e-01 -1.332118613257021467e-01 -1.926165513435128762e+00
9.099999999999999201e-01 -1.147010070573761809e-01 -1.803489220618188282e+00
9.199999999999999289e-01 -9.714207691333838490e-02 -1.724696513266206210e+00
9.299999999999999378e-01 -8.020707679205205110e-02 -1.613963609896337914e+00
9.399999999999999467e-01 -6.486280471541162884e-02 -1.393514575142370981e+00
9.499999999999999556e-01 -5.233678528920463618e-02 -1.077087887429649005e+00
9.599999999999999645e-01 -4.332104696681864792e-02 -7.510763405300180384e-01
9.699999999999999734e-01 -3.731525847860427819e-02 -5.344789231375035587e-01
9.799999999999999822e-01 -3.263146850406857535e-02 -4.791599229769684665e-01
9.899999999999998801e-01 -2.773206001906490872e-02 -5.423198611637559674e-01
1.000000000000000000e+00 -2.178507128079345753e-02 -6.371921506205944219e-01
1.010000000000000009e+00 -1.498821700665302174e-02 -6.691751517228470281e-01
1.020000000000000018e+00 -8.401568246336520510e-03 -5.847217016721395488e-01
1.029999999999999805e+00 -3.293782973210231894e-03 -4.134498834680582213e-01
1.040000000000000036e+00 -1.325705769753557708e-04 -2.205560362872992508e-01
1.050000000000000044e+00 1.117337752535751960e-03 -4.446860749920105577e-02
1.059999999999999831e+00 7.568015730086654529e-04 6.843646578044479400e-02
1.069999999999999840e+00 -2.513915630731437811e-04 1.022841774556084299e-01
1.080000000000000071e+00 -1.288881976103503114e-03 9.037632864778849529e-02
1.089999999999999858e+00 -2.058918136028913687e-03 6.678663672138777929e-02
1.099999999999999867e+00 -2.624614710531258336e-03 4.174606707458713289e-02
1.109999999999999876e+00 -2.893839477520656310e-03 2.281572445206531130e-02
1.119999999999999885e+00 -3.080929199572564683e-03 9.332734852051764729e-03
1.129999999999999893e+00 -3.080494174561691952e-03 -4.558193016329281991e-03
1.139999999999999902e+00 -2.989765339245979096e-03 -1.561449621549636062e-02
1.149999999999999911e+00 -2.768204250251764427e-03 -2.578211379430395828e-02
1.159999999999999920e+00 -2.474123063359899739e-03 1.252732527700803865e-02
1.169999999999999929e+00 -3.018750755791925304e-03 -9.447657509012893917e-02
1.179999999999999938e+00 -5.845915615573211250e-04 -1.482665727331966277e-01
1.189999999999999947e+00 -5.341930112799353730e-05 -2.922957807786606341e-02
1.199999999999999956e+00 0.000000000000000000e+00 -5.341930112799354001e-03
