0.000000000000000000e+00 1.853951773925700763e+02 4.173427707531155306e+02
1.000000000000000021e-02 1.812217496850389011e+02 4.173427707531143369e+02
2.000000000000000042e-02 1.770483219775077828e+02 4.173427707531143369e+02
2.999999999999999889e-02 1.728748942699766360e+02 4.173427707531143369e+02
4.000000000000000083e-02 1.687014665624454892e+02 4.173427707531143369e+02
4.999999999999999584e-02 1.645280388549143424e+02 4.173427707531143369e+02
5.999999999999999778e-02 1.603546111473831957e+02 4.173427707531143369e+02
6.999999999999999278e-02 1.561811834398520489e+02 4.173427707531143369e+02
8.000000000000000167e-02 1.520077557323209305e+02 4.173427707531143369e+02
8.999999999999999667e-02 1.478343280247897553e+02 4.173427707531143369e+02
9.999999999999999167e-02 1.436609003172586370e+02 4.173427707531143369e+02
1.099999999999999867e-01 1.394874726097274902e+02 4.173427707531143369e+02
1.199999999999999956e-01 1.353140449021963434e+02 4.173427707531143369e+02
1.300000000000000044e-01 1.311406171946651966e+02 4.173427707531155306e+02
1.399999999999999856e-01 1.269671894871340356e+02 4.173427707531143369e+02
1.499999999999999944e-01 1.227937617796029031e+02 4.173427707531131432e+02
1.600000000000000033e-01 1.186203340720717705e+02 4.173427707531143369e+02
1.699999999999999845e-01 1.144469063645406237e+02 4.173427707531143369e+02
1.799999999999999933e-01 1.102734786570094911e+02 4.173427707531138253e+02
1.899999999999999745e-01 1.061000509494783444e+02 4.173427707531143369e+02
1.999999999999999833e-01 1.019266232419471976e+02 4.173427707531143369e+02
2.099999999999999922e-01 9.775319553441606502e+01 4.173427707531143369e+02
2.199999999999999734e-01 9.357976782688491824e+01 4.173427707531143369e+02
2.299999999999999822e-01 8.940634011935377146e+01 4.173427707531150190e+02
2.399999999999999911e-01 8.523291241182262468e+01 4.173427707531150190e+02
2.500000000000000000e-01 8.105948470429147790e+01 4.173427707531143369e+02
2.600000000000000089e-01 7.688605699676033112e+01 4.173427707531143369e+02
2.700000000000000178e-01 7.271262928922918434e+01 4.173427707531143369e+02
2.799999999999999711e-01 6.853920158169805177e+01 4.173427707531143369e+02
2.899999999999999800e-01 6.436577387416690499e+01 4.173427707531143369e+02
2.999999999999999889e-01 6.019234616663575821e+01 4.173427707531138253e+02
3.099999999999999423e-01 5.601891845910462564e+01 4.173427707531143369e+02
3.200000000000000067e-01 5.184549075157347175e+01 4.173427707531155306e+02
3.300000000000000155e-01 4.767206304404231787e+01 4.173427707531140527e+02
3.399999999999999689e-01 4.349863533651119241e+01 4.173427707531140527e+02
3.500000000000000333e-01 3.932520762898003852e+01 4.173427707531143369e+02
3.599999999999999867e-01 3.515177992144890595e+01 4.173427707531143369e+02
3.699999999999999956e-01 3.097835221391775207e+01 4.173427707531140527e+02
3.799999999999999489e-01 2.680492450638662660e+01 3.376765382152096322e+02
3.900000000000000133e-01 2.422482144961355743e+01 3.642666334623227726e+02
3.999999999999999667e-01 1.951959183714017243e+01 4.345815769683662211e+02
4.099999999999999756e-01 1.553318991024623408e+01 3.592488463048557605e+02
4.199999999999999845e-01 1.233461491104305630e+01 2.899396139977316125e+02
4.299999999999999933e-01 9.734397630291603321e+00 2.362761574330249914e+02
4.399999999999999467e-01 7.609091762382556468e+00 1.930891189228038911e+02
4.499999999999999556e-01 5.872615251835525463e+00 1.572077869631862086e+02
4.599999999999999645e-01 4.464936023118832864e+00 1.272345903422581586e+02
4.699999999999999734e-01 3.327923444990362523e+00 1.025910792350086922e+02
4.799999999999999822e-01 2.413114438418658914e+00 8.284838615311299748e+01
4.899999999999999911e-01 1.670955721928102822e+00 6.761075557450877227e+01
5.000000000000000000e-01 1.060899326928483877e+00 5.606666192355813649e+01
5.100000000000000089e-01 5.496224834569403139e-01 4.688691680652578953e+01
5.200000000000000178e-01 1.231609907979679119e-01 3.908444632579314515e+01
5.299999999999999156e-01 -2.320664430589225169e-01 3.222792121528917875e+01
5.400000000000000355e-01 -5.213974335078156441e-01 2.603312237091132886e+01
5.499999999999999334e-01 -7.527288904771490818e-01 2.070176849292543508e+01
5.599999999999999423e-01 -9.354328033663243946e-01 1.640302270257975792e+01
5.699999999999999512e-01 -1.080789344528744200e+00 1.286824286604470302e+01
5.799999999999999600e-01 -1.192797660687218375e+00 9.544102676002808039e+00
5.899999999999999689e-01 -1.271671398048800361e+00 5.965511369879889614e+00
5.999999999999999778e-01 -1.312107888084816265e+00 2.219767771246085264e+00
6.099999999999999867e-01 -1.316066753473722040e+00 -1.094217461413334869e+00
6.199999999999998845e-01 -1.290223538856549501e+00 -3.558870376363728827e+00
6.300000000000000044e-01 -1.244889345946447401e+00 -4.975379036452646453e+00
6.400000000000000133e-01 -1.190715958127496643e+00 -5.469079628004270610e+00
6.499999999999999112e-01 -1.135507753386362007e+00 -5.530498496476059955e+00
6.600000000000000311e-01 -1.080105988197975320e+00 -5.701612146491408240e+00
6.700000000000000400e-01 -1.021475510456533842e+00 -6.114444498790857274e+00
6.799999999999999378e-01 -9.578170982221582141e-01 -6.654684484860815097e+00
6.899999999999999467e-01 -8.883818207593175975e-01 -7.057917555533676612e+00
7.000000000000000666e-01 -8.166587471114847840e-01 -7.044466985690919003e+00
7.099999999999999645e-01 -7.474924810454992574e-01 -6.611972463008406464e+00
7.199999999999999734e-01 -6.844192978513166103e-01 -6.077901320019725162e+00
7.299999999999998712e-01 -6.259344546451047764e-01 -5.630845042310440363e+00
7.399999999999999911e-01 -5.718023970051078209e-01 -5.234231097549697509e+00
7.500000000000000000e-01 -5.212498326941108484e-01 -4.783203675461722426e+00
7.599999999999998979e-01 -4.761383234958734278e-01 -4.360666803386805235e+00
7.699999999999999067e-01 -4.340364966263747237e-01 -4.078584442919066966e+00
7.800000000000000266e-01 -3.945666346374920863e-01 -3.906618012841774679e+00
7.899999999999999245e-01 -3.559041363695392146e-01 -3.783109837925238139e+00
7.999999999999999334e-01 -3.189044378789873124e-01 -3.668711299506859813e+00
8.100000000000000533e-01 -2.825299103794020605e-01 -3.469657059162702950e+00
8.199999999999999512e-01 -2.495112966957332701e-01 -3.096477375973419655e+00
8.299999999999999600e-01 -2.206003628599336464e-01 -2.567348831337116444e+00
8.399999999999999689e-01 -1.981643200689909567e-01 -1.965945009578392577e+00
8.499999999999999778e-01 -1.812814626683658115e-01 -1.382649854504725218e+00
8.599999999999999867e-01 -1.705113229788964568e-01 -8.923210561458848611e-01
8.699999999999999956e-01 -1.634350415454481065e-01 -5.179287885321982587e-01
8.799999999999998934e-01 -1.601527472082524828e-01 -2.107329107987103989e-01
8.900000000000000133e-01 -1.592203833294738857e-01 -2.094004132784603803e-02
8.999999999999999112e-01 -1.597339463816955796e-01 -8.251584218751186611e-03
9.099999999999999201e-01 -1.590553516450988747e-01 -1.354771304694619150e-01
9.199999999999999289e-01 -1.570244037723063368e-01 -3.050463265689935533e-01
9.299999999999999378e-01 -1.529544251137190114e-01 -4.729052575345775722e-01
9.399999999999999467e-01 -1.475662986216147721e-01 -6.174863238124429499e-01
9.499999999999999556e-01 -1.406046986374701324e-01 -7.583884900856938671e-01
9.599999999999999645e-01 -1.323985288199009125e-01 -8.990990590957220752e-01
9.699999999999999734e-01 -1.226227174555557103e-01 -1.006019664315608741e+00
9.799999999999999822e-01 -1.122781355335887299e-01 -1.034665498678059459e+00
9.899999999999998801e-01 -1.019294074819945134e-01 -9.693925585237476161e-01
1.000000000000000000e+00 -9.289028436311377868e-02 -8.458817644254471579e-01
1.010000000000000009e+00 -8.501177219348557412e-02 -7.750544029176968941e-01
1.020000000000000018e+00 -7.738919630475984968e-02 -8.066760113943438615e-01
1.029999999999999805e+00 -6.887825196559869967e-02 -8.817289222721153008e-01
1.040000000000000036e+00 -5.975461785931754366e-02 -8.927616582569052328e-01
1.050000000000000044e+00 -5.102301880046059696e-02 -8.080701959342417862e-01
1.059999999999999831e+00 -4.359321394063270932e-02 -6.835913380602460787e-01
1.069999999999999840e+00 -3.735119203925568038e-02 -5.748889269044834549e-01
1.080000000000000071e+00 -3.209543540254304606e-02 -4.832973212082600778e-01
1.089999999999999858e+00 -2.768524561509047924e-02 -4.099265654346943566e-01
1.099999999999999867e+00 -2.389690409384915767e-02 -3.571497272415720681e-01
1.109999999999999876e+00 -2.054225107025903566e-02 -3.102059270398331847e-01
1.119999999999999885e+00 -1.769278555305249523e-02 -2.540829978686232060e-01
1.129999999999999893e+00 -1.546059111288657258e-02 -2.025340250556005306e-01
1.139999999999999902e+00 -1.364210505194048302e-02 -1.681536132063145283e-01
1.149999999999999911e+00 -1.209751884876028236e-02 -1.575109205092669606e-01
1.159999999999999920e+00 -1.049188664175514443e-02 -5.285035067746571835e-01
1.169999999999999929e+00 -1.527448713267140490e-03 -5.160498575199442550e-01
1.179999999999999938e+00 -1.708894913562615558e-04 -7.551718202398600976e-02
1.189999999999999947e+00 -1.710507278742030664e-05 -8.544474567813079360e-03
1.199999999999999956e+00 0.000000000000000000e+00 -1.710507278742031192e-03
