0.000000000000000000e+00 2.632386808866384058e+02 6.188086876540806998e+02
1.000000000000000021e-02 2.570505940100975977e+02 6.188086876540783123e+02
2.000000000000000042e-02 2.508625071335568180e+02 6.188086876540759249e+02
2.999999999999999889e-02 2.446744202570160667e+02 6.188086876540759249e+02
4.000000000000000083e-02 2.384863333804753154e+02 6.188086876540783123e+02
4.999999999999999584e-02 2.322982465039345072e+02 6.188086876540783123e+02
5.999999999999999778e-02 2.261101596273937560e+02 6.188086876540783123e+02
6.999999999999999278e-02 2.199220727508529478e+02 6.188086876540783123e+02
8.000000000000000167e-02 2.137339858743121965e+02 6.188086876540783123e+02
8.999999999999999667e-02 2.075458989977713884e+02 6.188086876540759249e+02
9.999999999999999167e-02 2.013578121212306655e+02 6.188086876540759249e+02
1.099999999999999867e-01 1.951697252446898574e+02 6.188086876540783123e+02
1.199999999999999956e-01 1.889816383681491061e+02 6.188086876540783123e+02
1.300000000000000044e-01 1.827935514916082980e+02 6.188086876540783123e+02
1.399999999999999856e-01 1.766054646150675467e+02 6.188086876540759249e+02
1.499999999999999944e-01 1.704173777385267670e+02 6.188086876540783123e+02
1.600000000000000033e-01 1.642292908619859588e+02 6.188086876540783123e+02
1.699999999999999845e-01 1.580412039854452075e+02 6.188086876540759249e+02
1.799999999999999933e-01 1.518531171089044562e+02 6.188086876540783123e+02
1.899999999999999745e-01 1.456650302323636481e+02 6.188086876540783123e+02
1.999999999999999833e-01 1.394769433558228968e+02 6.188086876540759249e+02
2.099999999999999922e-01 1.332888564792821171e+02 6.188086876540783123e+02
2.199999999999999734e-01 1.271007696027413232e+02 6.188086876540783123e+02
2.299999999999999822e-01 1.209126827262005577e+02 6.188086876540783123e+02
2.399999999999999911e-01 1.147245958496597638e+02 6.188086876540783123e+02
2.500000000000000000e-01 1.085365089731189983e+02 6.188086876540771755e+02
2.600000000000000089e-01 1.023484220965782185e+02 6.188086876540777439e+02
2.700000000000000178e-01 9.616033522003743883e+01 6.188086876540771755e+02
2.799999999999999711e-01 8.997224834349667333e+01 6.188086876540771755e+02
2.899999999999999800e-01 8.378416146695590783e+01 6.188086876540771755e+02
2.999999999999999889e-01 7.759607459041512811e+01 6.188086876540766070e+02
3.099999999999999423e-01 7.140798771387437682e+01 6.188086876540783123e+02
3.200000000000000067e-01 6.521990083733356869e+01 6.188086876540794492e+02
3.300000000000000155e-01 5.903181396079278187e+01 6.188086876540771755e+02
3.399999999999999689e-01 5.284372708425202347e+01 6.188086876540777439e+02
3.500000000000000333e-01 4.665564020771122955e+01 6.188086876540774028e+02
3.599999999999999867e-01 4.046755333117047826e+01 6.188086876540774028e+02
3.699999999999999956e-01 3.427946645462968434e+01 6.188086876540774028e+02
3.799999999999999489e-01 2.809137957808892949e+01 5.109448295130540600e+02
3.900000000000000133e-01 2.406056986436860257e+01 4.128374423302873311e+02
3.999999999999999667e-01 1.983463073148318401e+01 3.988287304659758092e+02
4.099999999999999756e-01 1.608399525504908922e+01 3.432739113806513274e+02
4.199999999999999845e-01 1.296915250387015917e+01 2.882296328231605571e+02
4.299999999999999933e-01 1.031940259858587794e+01 2.443941910635021770e+02
4.399999999999999467e-01 8.081268682600116549e+00 2.072426682194225975e+02
4.499999999999999556e-01 6.174549234197425740e+00 1.756178301953563050e+02
4.599999999999999645e-01 4.568912078692989986e+00 1.485300006489790974e+02
4.699999999999999734e-01 3.203949221217844201e+00 1.259075708789998060e+02
4.799999999999999822e-01 2.050760661112994043e+00 1.062263816550553202e+02
4.899999999999999911e-01 1.079421588116738162e+00 8.867005873187441978e+01
5.000000000000000000e-01 2.773594864755060119e-01 7.300983282685862719e+01
5.100000000000000089e-01 -3.807750684204342928e-01 5.930865517507976392e+01
5.200000000000000178e-01 -9.088136170260890934e-01 4.722048969129235019e+01
5.299999999999999156e-01 -1.325184862246281181e+00 3.670807860750950624e+01
5.400000000000000355e-01 -1.642975189176279160e+00 2.762836896525524466e+01
5.499999999999999334e-01 -1.877752241551385870e+00 1.981193659908125682e+01
5.599999999999999423e-01 -2.039213921157904341e+00 1.288210402822619471e+01
5.699999999999999512e-01 -2.135394322115909738e+00 6.562223515772248383e+00
5.799999999999999600e-01 -2.170458391473349291e+00 6.593251626590196368e-01
5.899999999999999689e-01 -2.148580825369090341e+00 -4.757441237439164361e+00
5.999999999999999778e-01 -2.075309566724566235e+00 -9.395096200544678311e+00
6.099999999999999867e-01 -1.960678901358196669e+00 -1.270402938973437657e+01
6.199999999999998845e-01 -1.821228978929878561e+00 -1.445285357720648811e+01
6.300000000000000044e-01 -1.671621829814066817e+00 -1.476691443389271186e+01
6.400000000000000133e-01 -1.525890690252024395e+00 -1.397242628571252077e+01
6.499999999999999112e-01 -1.392173304099816544e+00 -1.264359538636876046e+01
6.600000000000000311e-01 -1.273018782524649062e+00 -1.141224826958100813e+01
6.700000000000000400e-01 -1.163928338708196231e+00 -1.050296316575778377e+01
6.799999999999999378e-01 -1.062959519209493608e+00 -9.658680499861725721e+00
6.899999999999999467e-01 -9.707547287109618006e-01 -8.678686219923278600e+00
7.000000000000000666e-01 -8.893857948110279743e-01 -7.515885467477859017e+00
7.099999999999999645e-01 -8.204370193614046736e-01 -6.228465216870603172e+00
7.199999999999999734e-01 -7.648164904736158842e-01 -5.041564154963588784e+00
7.299999999999998712e-01 -7.196057362621328668e-01 -4.304282045404818291e+00
7.399999999999999911e-01 -6.787308495655195451e-01 -4.118971641335199330e+00
7.500000000000000000e-01 -6.372263034354289646e-01 -4.303730864833038794e+00
7.599999999999998979e-01 -5.926562322688587736e-01 -4.573993037769769288e+00
7.699999999999999067e-01 -5.457464426800335833e-01 -4.703440811255298115e+00
7.800000000000000266e-01 -4.985874160437528402e-01 -4.584321113008487103e+00
7.899999999999999245e-01 -4.540600204198638190e-01 -4.337602255406625140e+00
7.999999999999999334e-01 -4.118353709356203374e-01 -4.100940594371814463e+00
8.100000000000000533e-01 -3.720412085324275586e-01 -3.844682529023778272e+00
8.199999999999999512e-01 -3.349417203551447453e-01 -3.641212390751513261e+00
8.299999999999999600e-01 -2.992169607173972845e-01 -3.555612055760659640e+00
8.399999999999999689e-01 -2.638294792399315525e-01 -3.448880611860906331e+00
8.499999999999999778e-01 -2.302393484801791568e-01 -3.190813791864576476e+00
8.599999999999999867e-01 -2.000132034026400607e-01 -2.838792015138400071e+00
8.699999999999999956e-01 -1.734635081774111576e-01 -2.497593784354788404e+00
8.799999999999998934e-01 -1.500613277155442848e-01 -2.169333793172615543e+00
8.900000000000000133e-01 -1.300768323139588623e-01 -1.844326874675370709e+00
8.999999999999999112e-01 -1.131747902220368723e-01 -1.537491200927652457e+00
9.099999999999999201e-01 -9.932700829540580534e-02 -1.249795015716543167e+00
9.199999999999999289e-01 -8.817888990770601787e-02 -1.003715583545484069e+00
9.299999999999999378e-01 -7.925269662449613284e-02 -8.369484609940552877e-01
9.399999999999999467e-01 -7.143992068782491212e-02 -7.164934482078544331e-01
9.499999999999999556e-01 -6.492282766033903585e-02 -6.216960535007938216e-01
9.599999999999999645e-01 -5.900599961780903652e-02 -6.118714710531520939e-01
9.699999999999999734e-01 -5.268539823927599619e-02 -6.927758356069815271e-01
9.799999999999999822e-01 -4.515048290566940625e-02 -7.460677738700755013e-01
9.899999999999998801e-01 -3.776404276187448478e-02 -6.814351067655999294e-01
1.000000000000000000e+00 -3.152178077035740211e-02 -5.542287428909661307e-01
1.010000000000000009e+00 -2.667946790405516591e-02 -4.404818481143207287e-01
1.020000000000000018e+00 -2.271214380807099267e-02 -3.863404722466613483e-01
1.029999999999999805e+00 -1.895265845912193908e-02 -3.595137208826494901e-01
1.040000000000000036e+00 -1.552186939041800239e-02 -3.012332569529411197e-01
1.050000000000000044e+00 -1.292799332006311884e-02 -2.155910756080941515e-01
1.059999999999999831e+00 -1.121004787825611963e-02 -1.476520715704368603e-01
1.069999999999999840e+00 -9.974951888654380247e-03 -1.012011192535992310e-01
1.080000000000000071e+00 -9.186025493184136331e-03 -7.397180589530688577e-02
1.089999999999999858e+00 -8.495515770748243364e-03 -7.392204396810198030e-02
1.099999999999999867e+00 -7.707584613822096413e-03 -6.925228318065437816e-02
1.109999999999999876e+00 -7.110470107135156460e-03 -2.180456593623164227e-02
1.119999999999999885e+00 -7.271493295097463359e-03 5.725062814666476846e-02
1.129999999999999893e+00 -8.255482670068451864e-03 1.159979605746254555e-01
1.139999999999999902e+00 -9.591452506589971672e-03 1.116013232335532068e-01
1.149999999999999911e+00 -1.048750913473951545e-02 3.525658184679441448e-02
1.159999999999999920e+00 -1.029658414352586059e-02 -4.159450795488316421e-01
1.169999999999999929e+00 -2.168607543762882291e-03 -5.003963713919319378e-01
1.179999999999999938e+00 -2.886567156872226836e-04 -1.068562312839591438e-01
1.189999999999999947e+00 -3.148291808369970871e-05 -1.443283578436113657e-02
1.199999999999999956e+00 0.000000000000000000e+00 -3.148291808369971332e-03
