0.000000000000000000e+00 3.492162508539283863e+02 8.506950293186301906e+02
1.000000000000000021e-02 3.407093005607421219e+02 8.506950293186278031e+02
2.000000000000000042e-02 3.322023502675558575e+02 8.506950293186278031e+02
2.999999999999999889e-02 3.236953999743695363e+02 8.506950293186278031e+02
4.000000000000000083e-02 3.151884496811832719e+02 8.506950293186278031e+02
4.999999999999999584e-02 3.066814993879970075e+02 8.506950293186278031e+02
5.999999999999999778e-02 2.981745490948107431e+02 8.506950293186278031e+02
6.999999999999999278e-02 2.896675988016244219e+02 8.506950293186278031e+02
8.000000000000000167e-02 2.811606485084381575e+02 8.506950293186278031e+02
8.999999999999999667e-02 2.726536982152518931e+02 8.506950293186278031e+02
9.999999999999999167e-02 2.641467479220656287e+02 8.506950293186278031e+02
1.099999999999999867e-01 2.556397976288793075e+02 8.506950293186301906e+02
1.199999999999999956e-01 2.471328473356930147e+02 8.506950293186278031e+02
1.300000000000000044e-01 2.386258970425067503e+02 8.506950293186278031e+02
1.399999999999999856e-01 2.301189467493204575e+02 8.506950293186278031e+02
1.499999999999999944e-01 2.216119964561342215e+02 8.506950293186267800e+02
1.600000000000000033e-01 2.131050461629479287e+02 8.506950293186278031e+02
1.699999999999999845e-01 2.045980958697616643e+02 8.506950293186278031e+02
1.799999999999999933e-01 1.960911455765753715e+02 8.506950293186278031e+02
1.899999999999999745e-01 1.875841952833891071e+02 8.506950293186278031e+02
1.999999999999999833e-01 1.790772449902028143e+02 8.506950293186278031e+02
2.099999999999999922e-01 1.705702946970165499e+02 8.506950293186278031e+02
2.199999999999999734e-01 1.620633444038302571e+02 8.506950293186278031e+02
2.299999999999999822e-01 1.535563941106439927e+02 8.506950293186291674e+02
2.399999999999999911e-01 1.450494438174576715e+02 8.506950293186291674e+02
2.500000000000000000e-01 1.365424935242714071e+02 8.506950293186291674e+02
2.600000000000000089e-01 1.280355432310851143e+02 8.506950293186291674e+02
2.700000000000000178e-01 1.195285929378988214e+02 8.506950293186278031e+02
2.799999999999999711e-01 1.110216426447125428e+02 8.506950293186272347e+02
2.899999999999999800e-01 1.025146923515262785e+02 8.506950293186272347e+02
2.999999999999999889e-01 9.400774205833999986e+01 8.506950293186267800e+02
3.099999999999999423e-01 8.550079176515374968e+01 8.506950293186284853e+02
3.200000000000000067e-01 7.699384147196744266e+01 8.506950293186308727e+02
3.300000000000000155e-01 6.848689117878113564e+01 8.506950293186278031e+02
3.399999999999999689e-01 5.997994088559487835e+01 8.506950293186278031e+02
3.500000000000000333e-01 5.147299059240857844e+01 8.506950293186278031e+02
3.599999999999999867e-01 4.296604029922232826e+01 8.506950293186281442e+02
3.699999999999999956e-01 3.445909000603601413e+01 8.506950293186280305e+02
3.799999999999999489e-01 2.595213971284976751e+01 7.403699876007379999e+02
3.900000000000000133e-01 1.965169025402125769e+01 5.692251950495555093e+02
3.999999999999999667e-01 1.456763581185865597e+01 4.429275243933500974e+02
4.099999999999999756e-01 1.079313976615425830e+01 3.366327545909257424e+02
4.199999999999999845e-01 7.834980720040142899e+00 2.656419553978595332e+02
4.299999999999999933e-01 5.480300658197069019e+00 2.113729525834236540e+02
4.399999999999999467e-01 3.607521668371669765e+00 1.671058192208324158e+02
4.499999999999999556e-01 2.138184273780420419e+00 1.307747229304405323e+02
4.599999999999999645e-01 9.920272097628597407e-01 1.014571648021244954e+02
4.699999999999999734e-01 1.090409777379307138e-01 7.785561487919456169e+01
4.799999999999999822e-01 -5.650850878210313954e-01 5.901132050728573120e+01
4.899999999999999911e-01 -1.071185432407783855e+00 4.405245217448950967e+01
5.000000000000000000e-01 -1.446134131310821358e+00 3.191819985354152323e+01
5.100000000000000089e-01 -1.709549429478614435e+00 2.158603719791152997e+01
5.200000000000000178e-01 -1.877854875269052037e+00 1.267925385728904075e+01
5.299999999999999156e-01 -1.963134506624395259e+00 5.359429993422926586e+00
5.400000000000000355e-01 -1.985043475137510560e+00 -2.924300351056724478e-01
5.499999999999999334e-01 -1.957285905922281799e+00 -4.456681149366199968e+00
5.599999999999999423e-01 -1.895909852150186481e+00 -7.389202308539738695e+00
5.699999999999999512e-01 -1.809501859751486919e+00 -9.510326807800298710e+00
5.799999999999999600e-01 -1.705703315994180569e+00 -1.114306217798230669e+01
5.899999999999999689e-01 -1.586640616191840936e+00 -1.243808197313603081e+01
5.999999999999999778e-01 -1.456941676531460006e+00 -1.343739106128947824e+01
6.099999999999999867e-01 -1.317892794966051273e+00 -1.402661186147007655e+01
6.199999999999998845e-01 -1.176409439302058546e+00 -1.388447287622064152e+01
6.300000000000000044e-01 -1.040203337441638398e+00 -1.287845985231072454e+01
6.400000000000000133e-01 -9.188402422558439309e-01 -1.120041842748484662e+01
6.499999999999999112e-01 -8.161949688919415413e-01 -9.340599156152109117e+00
6.600000000000000311e-01 -7.320282591328017840e-01 -7.588199406672667457e+00
6.700000000000000400e-01 -6.644309807584882765e-01 -6.017294594329318791e+00
6.799999999999999378e-01 -6.116823672462153860e-01 -4.710622245104839401e+00
6.899999999999999467e-01 -5.702185358563914841e-01 -3.848494851371487613e+00
7.000000000000000666e-01 -5.347124702187856515e-01 -3.307797126772847651e+00
7.099999999999999645e-01 -5.040625933209345044e-01 -2.850733440714041667e+00
7.199999999999999734e-01 -4.776978014045048515e-01 -2.518310803054117031e+00
7.299999999999998712e-01 -4.536963772598521794e-01 -2.547669585287390515e+00
7.399999999999999911e-01 -4.267444096987570434e-01 -2.895875381033328200e+00
7.500000000000000000e-01 -3.957788696391856265e-01 -3.246604564749810518e+00
7.599999999999998979e-01 -3.618123184037608242e-01 -3.358551046742114909e+00
7.699999999999999067e-01 -3.286078487043433416e-01 -3.221144045048872417e+00
7.800000000000000266e-01 -2.973894375027834047e-01 -2.955798003054630030e+00
7.899999999999999245e-01 -2.694918886432507432e-01 -2.690722579163423056e+00
7.999999999999999334e-01 -2.435749859195149303e-01 -2.510810856791312329e+00
8.100000000000000533e-01 -2.192756715074244966e-01 -2.336734050429217557e+00
8.199999999999999512e-01 -1.968403049109306024e-01 -2.109192339930813453e+00
8.299999999999999600e-01 -1.770918247088082431e-01 -1.842104809044349922e+00
8.399999999999999689e-01 -1.599982087300435840e-01 -1.559539242204974308e+00
8.499999999999999778e-01 -1.459010398647087592e-01 -1.249394926160547259e+00
8.599999999999999867e-01 -1.350103102068326566e-01 -9.727508419864711042e-01
8.699999999999999956e-01 -1.264460230249793149e-01 -7.650736842483963907e-01
8.799999999999998934e-01 -1.197088365218647310e-01 -6.202107943446898419e-01
8.900000000000000133e-01 -1.140418071380855380e-01 -5.265021920989314541e-01
8.999999999999999112e-01 -1.091787926798861025e-01 -5.177073653793614616e-01
9.099999999999999201e-01 -1.036876598304983105e-01 -5.754850924489436359e-01
9.199999999999999289e-01 -9.766909083090723198e-02 -6.583542166937725870e-01
9.299999999999999378e-01 -9.052057549662285985e-02 -7.475345441850625994e-01
9.399999999999999467e-01 -8.271839994720597833e-02 -8.458408235780040529e-01
9.499999999999999556e-01 -7.360375902506277601e-02 -9.330042320078405504e-01
9.599999999999999645e-01 -6.405831530704916843e-02 -1.010205114832929851e+00
9.699999999999999734e-01 -5.339965672840418093e-02 -1.094546165619983968e+00
9.799999999999999822e-01 -4.216739199464949323e-02 -1.131388676254937442e+00
9.899999999999998801e-01 -3.077188320330543486e-02 -1.032434499896658808e+00
1.000000000000000000e+00 -2.151870199671632178e-02 -7.951414518703864287e-01
1.010000000000000009e+00 -1.486905416589770837e-02 -5.413223885572999716e-01
1.020000000000000018e+00 -1.069225422557032283e-02 -3.753430283411091639e-01
1.029999999999999805e+00 -7.362193599075526548e-03 -3.126375257918652673e-01
1.040000000000000036e+00 -4.439503709733018909e-03 -3.019964098813630593e-01
1.050000000000000044e+00 -1.322265401448266542e-03 -2.836393907628227962e-01
1.059999999999999831e+00 1.233284105523437500e-03 -2.222933653028578982e-01
1.069999999999999840e+00 3.123601904608890988e-03 -1.512130296774664429e-01
1.080000000000000071e+00 4.257544699072766080e-03 -8.434646429180801819e-02
1.089999999999999858e+00 4.810531190445051057e-03 -2.395772768409638528e-02
1.099999999999999867e+00 4.736699252754693508e-03 1.728158800393582786e-02
1.109999999999999876e+00 4.464899430366335055e-03 2.564043494133627990e-02
1.119999999999999885e+00 4.223890553927968708e-03 3.022678057411526398e-02
1.129999999999999893e+00 3.860363818884029932e-03 5.197365349519834921e-02
1.139999999999999902e+00 3.184417484024001151e-03 8.019332531923342722e-02
1.149999999999999911e+00 2.256497312499361127e-03 9.351583731891588425e-02
1.159999999999999920e+00 1.314100737645684022e-03 2.047037198829819438e-01
1.169999999999999929e+00 -1.837577085160276577e-03 8.644139762533872839e-02
1.179999999999999938e+00 -4.147272148610904423e-04 -8.988895430318075142e-02
1.189999999999999947e+00 -3.979799909666172422e-05 -2.073636074305452298e-02
1.199999999999999956e+00 0.000000000000000000e+00 -3.979799909666173127e-03
