0.000000000000000000e+00 1.662478171480768287e+04 2.564538834677814448e+05
1.000000000000000021e-02 1.406024288012986653e+04 2.367194031972996891e+05
2.000000000000000042e-02 1.189039365086168800e+04 2.002839879461742530e+05
2.999999999999999889e-02 1.005456312120638177e+04 1.694496434559604968e+05
4.000000000000000083e-02 8.501400781742479012e+03 1.433558978481442027e+05
4.999999999999999584e-02 7.187445164243498766e+03 1.212744257884243125e+05
5.999999999999999778e-02 6.075912265973992362e+03 1.025887577084837394e+05
6.999999999999999278e-02 5.135670010073823505e+03 8.677710434235371940e+04
8.000000000000000167e-02 4.340370179126917719e+03 7.339781829492705583e+04
8.999999999999999667e-02 3.667713644175283207e+03 6.207708778722932038e+04
9.999999999999999167e-02 3.098828423382331948e+03 5.249851987759226176e+04
1.099999999999999867e-01 2.617743246623438154e+03 4.439432307038748695e+04
1.199999999999999956e-01 2.210941961974582227e+03 3.753784375937411096e+04
1.300000000000000044e-01 1.866986371435955789e+03 3.173724865100700117e+04
1.399999999999999856e-01 1.576196988954442304e+03 2.683017722383471846e+04
1.499999999999999944e-01 1.330382826959261365e+03 2.267921529192052185e+04
1.600000000000000033e-01 1.122612683116031803e+03 1.916806360511106686e+04
1.699999999999999845e-01 9.470215548570402007e+02 1.619829477361668432e+04
1.799999999999999933e-01 7.986467876436981896e+02 1.368660818761998416e+04
1.899999999999999745e-01 6.732893911046404583e+02 1.156250647068413491e+04
1.999999999999999833e-01 5.673966582300155324e+02 9.766328744722090050e+03
2.099999999999999922e-01 4.779628162101986959e+02 8.247585921059519023e+03
2.199999999999999734e-01 4.024449398088251542e+02 6.963551643365885866e+03
2.299999999999999822e-01 3.386917833428810241e+02 5.878069628133019251e+03
2.399999999999999911e-01 2.848835472461647669e+02 4.960544175203713166e+03
2.500000000000000000e-01 2.394808998388067778e+02 4.185085722402465763e+03
2.600000000000000089e-01 2.011818327981154653e+02 3.529787636646687133e+03
2.700000000000000178e-01 1.688851471058730169e+02 2.976114089262701327e+03
2.799999999999999711e-01 1.416595510128614706e+02 2.508381957379927371e+03
2.899999999999999800e-01 1.187175079582744814e+02 2.113322312384173983e+03
2.999999999999999889e-01 9.939310476517798065e+01 1.779709273407696628e+03
3.099999999999999423e-01 8.312332249012055740e+01 1.498045880453674272e+03
3.200000000000000067e-01 6.943218715610450431e+01 1.260298230252221629e+03
3.300000000000000155e-01 5.791735788507612170e+01 1.059670462557044175e+03
3.399999999999999689e-01 4.823877790496361939e+01 8.904143227602645538e+02
3.500000000000000333e-01 4.010907142987083063e+01 1.252489015548362886e+03
3.599999999999999867e-01 2.318899759399636196e+01 1.234644257875492258e+03
3.699999999999999956e-01 1.541618627236098682e+01 6.272759593038852017e+02
3.799999999999999489e-01 1.064347840791866062e+01 2.725931712561820177e+02
3.900000000000000133e-01 9.964322847237347958e+00 1.645917375820483244e+02
3.999999999999999667e-01 7.351643656277693673e+00 1.408105095169627248e+02
4.099999999999999756e-01 7.148112656898093498e+00 4.090055842829679023e+01
4.199999999999999845e-01 6.533632487711757975e+00 6.646163170122838437e+01
4.299999999999999933e-01 5.818880022873526237e+00 7.039418767961917922e+01
4.399999999999999467e-01 5.125748734119374816e+00 6.632509598707197540e+01
4.499999999999999556e-01 4.492378103132086409e+00 6.035306464714370378e+01
4.599999999999999645e-01 3.918687441176500919e+00 5.509007818427645731e+01
4.699999999999999734e-01 3.390576539446557458e+00 5.091158578299246784e+01
4.799999999999999822e-01 2.900455725516651651e+00 4.716091618585432599e+01
4.899999999999999911e-01 2.447358215729471098e+00 4.336885709413857626e+01
5.000000000000000000e-01 2.033078583633880054e+00 3.958079746525042708e+01
5.100000000000000089e-01 1.655742266424462539e+00 3.592910638349043495e+01
5.200000000000000178e-01 1.314496455964071719e+00 3.243121831579917114e+01
5.299999999999999156e-01 1.007117900108479125e+00 2.914877147207712227e+01
5.400000000000000355e-01 7.315210265225292607e-01 2.609594502302881835e+01
5.499999999999999334e-01 4.851989996479028622e-01 2.322339870595456190e+01
5.599999999999999423e-01 2.670530524034380182e-01 2.049066720316223922e+01
5.699999999999999512e-01 7.538565558465815108e-02 1.792315936779959529e+01
5.799999999999999600e-01 -9.141013495255385923e-02 1.557829659195155969e+01
5.899999999999999689e-01 -2.361802762543730172e-01 1.348394594444195960e+01
5.999999999999999778e-01 -3.610890538413930040e-01 1.160614646946922335e+01
6.099999999999999867e-01 -4.683032056437574364e-01 9.906055949231685531e+00
6.199999999999998845e-01 -5.592101728260266968e-01 8.345565119497914353e+00
6.300000000000000044e-01 -6.352145080337157079e-01 6.923491387045581646e+00
6.400000000000000133e-01 -6.976800005669383520e-01 5.671252871683630126e+00
6.499999999999999112e-01 -7.486395654673883016e-01 4.577427549437634191e+00
6.600000000000000311e-01 -7.892285515556910491e-01 3.592874995586830433e+00
6.700000000000000400e-01 -8.204970653791249235e-01 2.724746113700537986e+00
6.799999999999999378e-01 -8.437234738297018088e-01 1.975746165344990368e+00
6.899999999999999467e-01 -8.600119886860246865e-01 1.288723949023710791e+00
7.000000000000000666e-01 -8.694979528101760557e-01 6.190198930827086610e-01
7.099999999999999645e-01 -8.723923865476789219e-01 -3.294114328515082568e-02
7.199999999999999734e-01 -8.688391299444729876e-01 -6.427645841809592753e-01
7.299999999999998712e-01 -8.595370948640597142e-01 -1.162307568693430548e+00
7.399999999999999911e-01 -8.455929785706043367e-01 -1.551738840859792967e+00
7.500000000000000000e-01 -8.285023180468638060e-01 -1.824360125728821780e+00
7.599999999999998979e-01 -8.091057760560279588e-01 -2.041613466308586755e+00
7.699999999999999067e-01 -7.876700487206921286e-01 -2.243420044045707495e+00
7.800000000000000266e-01 -7.642373751751138089e-01 -2.433052922811220320e+00
7.899999999999999245e-01 -7.390089902644677577e-01 -2.611536996941503208e+00
7.999999999999999334e-01 -7.120066352362837137e-01 -2.753268079839493065e+00
8.100000000000000533e-01 -6.839436286676778831e-01 -2.785277978288766221e+00
8.199999999999999512e-01 -6.563010756705084381e-01 -2.685280708956614415e+00
8.299999999999999600e-01 -6.302380144885455504e-01 -2.524590505084411518e+00
8.399999999999999689e-01 -6.058092655688201988e-01 -2.380432210080634992e+00
8.499999999999999778e-01 -5.826293702869328461e-01 -2.286027660404994943e+00
8.599999999999999867e-01 -5.600887123607203311e-01 -2.246372894721131885e+00
8.699999999999999956e-01 -5.377019123925103061e-01 -2.236258666983859111e+00
8.799999999999998934e-01 -5.153635390210431488e-01 -2.226126163010663905e+00
8.900000000000000133e-01 -4.931793891322969747e-01 -2.209783609149965411e+00
8.999999999999999112e-01 -4.711678668380438473e-01 -2.188784304723174312e+00
9.099999999999999201e-01 -4.494037030378335018e-01 -2.158404801480525492e+00
9.199999999999999289e-01 -4.279997708084333219e-01 -2.131222422335313116e+00
9.299999999999999378e-01 -4.067792545911272373e-01 -2.138472591122672295e+00
9.399999999999999467e-01 -3.852303189859798693e-01 -2.187814770853366841e+00
9.499999999999999556e-01 -3.630229591740599115e-01 -2.249699566353565938e+00
9.599999999999999645e-01 -3.402363276589085994e-01 -2.290256565500879304e+00
9.699999999999999734e-01 -3.172178278640423454e-01 -2.284787568576515326e+00
9.799999999999999822e-01 -2.945405762873782862e-01 -2.218035037258845321e+00
9.899999999999998801e-01 -2.728571271188654501e-01 -2.095440656659134149e+00
1.000000000000000000e+00 -2.526317631541956099e-01 -1.950783819927472962e+00
1.010000000000000009e+00 -2.338414507203159798e-01 -1.821241286095316436e+00
1.020000000000000018e+00 -2.162069374322892756e-01 -1.721390054953544135e+00
1.029999999999999805e+00 -1.994136496212450815e-01 -1.646597112226032555e+00
1.040000000000000036e+00 -1.832749951877686301e-01 -1.583148167827844732e+00
1.050000000000000044e+00 -1.677506862646881980e-01 -1.516424290092132754e+00
1.059999999999999831e+00 -1.529465093859259661e-01 -1.441914719130660716e+00
1.069999999999999840e+00 -1.389123918820749926e-01 -1.365742897534918843e+00
1.080000000000000071e+00 -1.256316514352275870e-01 -1.294797643936513865e+00
1.089999999999999858e+00 -1.130164390033447236e-01 -1.231038041877695610e+00
1.099999999999999867e+00 -1.010108905976736804e-01 -1.172234082426509172e+00
1.109999999999999876e+00 -8.957175735481454071e-02 -1.113402475251014323e+00
1.119999999999999885e+00 -7.874284109265340670e-02 -1.049083634320792768e+00
1.129999999999999893e+00 -6.859008466839867924e-02 -9.846414588800515011e-01
1.139999999999999902e+00 -5.905001191505237362e-02 -9.375492509552022513e-01
1.149999999999999911e+00 -4.983909964929463671e-02 -9.241266509921971517e-01
1.159999999999999920e+00 -4.056747889520843225e-02 -2.175760280478581166e+00
1.169999999999999929e+00 -6.323894039723025259e-03 -1.996519232959279355e+00
1.179999999999999938e+00 -6.370942360228511615e-04 -3.132313973059300261e-01
1.189999999999999947e+00 -5.926609360442562055e-05 -3.185471180114256284e-02
1.199999999999999956e+00 0.000000000000000000e+00 -5.926609360442562299e-03
