0.000000000000000000e+00 1.807326074866110446e+02 5.028133505411685746e+02
1.000000000000000021e-02 1.757044739811993566e+02 5.028133505411697683e+02
2.000000000000000042e-02 1.706763404757876401e+02 5.028133505411697683e+02
2.999999999999999889e-02 1.656482069703759521e+02 5.028133505411685746e+02
4.000000000000000083e-02 1.606200734649642641e+02 5.028133505411697683e+02
4.999999999999999584e-02 1.555919399595525476e+02 5.028133505411697683e+02
5.999999999999999778e-02 1.505638064541408596e+02 5.028133505411697683e+02
6.999999999999999278e-02 1.455356729487291716e+02 5.028133505411697683e+02
8.000000000000000167e-02 1.405075394433174836e+02 5.028133505411697683e+02
8.999999999999999667e-02 1.354794059379057671e+02 5.028133505411685746e+02
9.999999999999999167e-02 1.304512724324941075e+02 5.028133505411685746e+02
1.099999999999999867e-01 1.254231389270824053e+02 5.028133505411709621e+02
1.199999999999999956e-01 1.203950054216706889e+02 5.028133505411697683e+02
1.300000000000000044e-01 1.153668719162590008e+02 5.028133505411685746e+02
1.399999999999999856e-01 1.103387384108473128e+02 5.028133505411697683e+02
1.499999999999999944e-01 1.053106049054356106e+02 5.028133505411697683e+02
1.600000000000000033e-01 1.002824714000239226e+02 5.028133505411685746e+02
1.699999999999999845e-01 9.525433789461223455e+01 5.028133505411697683e+02
1.799999999999999933e-01 9.022620438920053232e+01 5.028133505411697683e+02
1.899999999999999745e-01 8.519807088378884430e+01 5.028133505411685746e+02
1.999999999999999833e-01 8.016993737837715628e+01 5.028133505411697683e+02
2.099999999999999922e-01 7.514180387296545405e+01 5.028133505411697683e+02
2.199999999999999734e-01 7.011367036755376603e+01 5.028133505411685746e+02
2.299999999999999822e-01 6.508553686214207801e+01 5.028133505411697683e+02
2.399999999999999911e-01 6.005740335673036867e+01 5.028133505411703936e+02
2.500000000000000000e-01 5.502926985131867355e+01 5.028133505411697683e+02
2.600000000000000089e-01 5.000113634590697842e+01 5.028133505411694273e+02
2.700000000000000178e-01 4.497300284049528329e+01 5.028133505411691999e+02
2.799999999999999711e-01 3.994486933508359527e+01 5.028133505411694273e+02
2.899999999999999800e-01 3.491673582967190015e+01 5.028133505411694273e+02
2.999999999999999889e-01 2.988860232426020502e+01 2.877004326828698595e+02
3.099999999999999423e-01 2.916272717601449926e+01 2.501774024032938257e+02
3.200000000000000067e-01 2.488505427619432808e+01 4.350581002229990872e+02
3.300000000000000155e-01 2.046156517155451837e+01 4.213626053806522691e+02
3.399999999999999689e-01 1.645780216858128497e+01 3.664543813617354999e+02
3.500000000000000333e-01 1.313247754431981029e+01 3.046621380840476263e+02
3.599999999999999867e-01 1.036455940690033195e+01 2.524814436782372979e+02
3.699999999999999956e-01 8.082848670755064191e+00 2.088301929426428671e+02
3.799999999999999489e-01 6.187955548047475496e+00 1.720601588941292164e+02
3.900000000000000133e-01 4.641645492872481071e+00 1.410393050611695287e+02
3.999999999999999667e-01 3.367169446824084922e+00 1.165040904534103845e+02
4.099999999999999756e-01 2.311563683804273239e+00 9.732930757074183248e+01
4.199999999999999845e-01 1.420583295409248548e+00 8.135624383158359763e+01
4.299999999999999933e-01 6.844388071726014156e-01 6.933104674668605583e+01
4.399999999999999467e-01 3.396236047552750326e-02 5.975249326353937818e+01
4.499999999999999556e-01 -5.106110580981859659e-01 4.929689840643668930e+01
4.599999999999999645e-01 -9.519756076532062128e-01 3.748761122382894939e+01
4.699999999999999734e-01 -1.260363282574764821e+00 2.661891521997405619e+01
4.799999999999999822e-01 -1.484353912052687408e+00 1.930560264210402011e+01
4.899999999999999911e-01 -1.646475335416845320e+00 1.458606538680625775e+01
5.000000000000000000e-01 -1.776075219788812554e+00 1.074524011453386407e+01
5.100000000000000089e-01 -1.861380137707522531e+00 6.572958999577767081e+00
5.200000000000000178e-01 -1.907534399780367762e+00 3.595968672674988209e+00
5.299999999999999156e-01 -1.933299511161022277e+00 1.773420043716150474e+00
5.400000000000000355e-01 -1.943002800654690887e+00 9.375753185214524832e-01
5.499999999999999334e-01 -1.952051017531451382e+00 -7.530708421835474731e-01
5.599999999999999423e-01 -1.927941383811019760e+00 -4.563914917743737476e+00
5.699999999999999512e-01 -1.860772719176576606e+00 -7.529637052347373682e+00
5.799999999999999600e-01 -1.777348642764072340e+00 -8.522215531420457069e+00
5.899999999999999689e-01 -1.690328408548167571e+00 -8.724131851334288257e+00
5.999999999999999778e-01 -1.602866005737386690e+00 -9.143172635669055026e+00
6.099999999999999867e-01 -1.507464955834786347e+00 -9.358184720049278482e+00
6.199999999999998845e-01 -1.415702311336401120e+00 -1.000183817051227564e+01
6.300000000000000044e-01 -1.307428192424540780e+00 -1.058580000607671145e+01
6.400000000000000133e-01 -1.203986311214866767e+00 -9.906800492561920635e+00
6.499999999999999112e-01 -1.109292182573302421e+00 -9.616715737723447788e+00
6.600000000000000311e-01 -1.011651996460398051e+00 -1.035146755131230734e+01
6.700000000000000400e-01 -9.022628315470563320e-01 -1.072659734455616665e+01
6.799999999999999378e-01 -7.971200495692746246e-01 -9.777276718601534355e+00
6.899999999999999467e-01 -7.067172971750257382e-01 -8.060761574341345437e+00
7.000000000000000666e-01 -6.359048180824476981e-01 -6.789699596742407195e+00
7.099999999999999645e-01 -5.709233052401775366e-01 -6.335091164638687822e+00
7.199999999999999734e-01 -5.092029947896740127e-01 -6.050952322638788239e+00
7.299999999999998712e-01 -4.499042587874018118e-01 -5.450704305014993700e+00
7.399999999999999911e-01 -4.001889086893741232e-01 -4.432158811939331144e+00
7.500000000000000000e-01 -3.612610825486152200e-01 -3.754933676386221553e+00
7.599999999999998979e-01 -3.250902351616496988e-01 -3.335548865858648959e+00
7.699999999999999067e-01 -2.945501052314422608e-01 -2.973358976272041598e+00
7.800000000000000266e-01 -2.656230556362088602e-01 -2.377068884980340524e+00
7.899999999999999245e-01 -2.470087275318354481e-01 -1.854439328746280813e+00
7.999999999999999334e-01 -2.285342690612832683e-01 -1.521358712124038171e+00
8.100000000000000533e-01 -2.165815532893546891e-01 -1.198969716985639700e+00
8.199999999999999512e-01 -2.045548747215704677e-01 -8.907644828131290327e-01
8.299999999999999600e-01 -1.987662636330921051e-01 -7.849774966391729336e-01
8.399999999999999689e-01 -1.888553247887869990e-01 -8.360565626131669648e-01
8.499999999999999778e-01 -1.820451323808287836e-01 -6.014272652076101400e-01
8.599999999999999867e-01 -1.768267794846347940e-01 -5.121655237622315671e-01
8.699999999999999956e-01 -1.718018219055841567e-01 -3.870300743379885278e-01
8.799999999999998934e-01 -1.690861779978750368e-01 -3.333534735369719226e-01
8.900000000000000133e-01 -1.651347524348447116e-01 -4.509881247528447767e-01
8.999999999999999112e-01 -1.600664155028181379e-01 -7.813262651602244091e-01
9.099999999999999201e-01 -1.495082271316402200e-01 -1.004828208955852675e+00
9.199999999999999289e-01 -1.399698513237010722e-01 -9.928446860536208618e-01
9.299999999999999378e-01 -1.296513334105678095e-01 -1.016786426821392864e+00
9.399999999999999467e-01 -1.196341227872732282e-01 -9.643772323566531801e-01
9.499999999999999556e-01 -1.103637887634347503e-01 -9.447568984345502408e-01
9.599999999999999645e-01 -1.007389848185822334e-01 -1.062985617326623222e+00
9.699999999999999734e-01 -8.910407641690228087e-02 -1.206931319865396146e+00
9.799999999999999822e-01 -7.660035842127430050e-02 -1.059917274236040763e+00
9.899999999999998801e-01 -6.790573093218146838e-02 -7.764747559672967592e-01
1.000000000000000000e+00 -6.107086330192837420e-02 -6.611446251747205016e-01
1.010000000000000009e+00 -5.468283842868706252e-02 -5.725749285620637119e-01
1.020000000000000018e+00 -4.961936473068710024e-02 -4.166148152160583096e-01
1.029999999999999805e+00 -4.635054212436589410e-02 -2.176086413579811085e-01
1.040000000000000036e+00 -4.526719190352748029e-02 -1.190707337484342293e-01
1.050000000000000044e+00 -4.396912744939721063e-02 -1.123297443643077737e-01
1.059999999999999831e+00 -4.302059701624132149e-02 -9.504059514705801015e-02
1.069999999999999840e+00 -4.206831554645604904e-02 -1.095401382145321234e-01
1.080000000000000071e+00 -4.082979425195067819e-02 -1.896951853990813397e-01
1.089999999999999858e+00 -3.827441183847442308e-02 -2.617432662852801628e-01
1.099999999999999867e+00 -3.559492892624507854e-02 -2.797739189388875891e-01
1.109999999999999876e+00 -3.267893345969667684e-02 -3.393023797116101470e-01
1.119999999999999885e+00 -2.880888133201287352e-02 -4.236439746867266543e-01
1.129999999999999893e+00 -2.420605396596214182e-02 -4.756224388900098243e-01
1.139999999999999902e+00 -1.929643255421268147e-02 -4.641009636743445022e-01
1.149999999999999911e+00 -1.492403469247525344e-02 -3.997223072258178078e-01
1.159999999999999920e+00 -1.130198640969632372e-02 -6.943389208218938569e-01
1.169999999999999929e+00 -1.037256276037377056e-03 -5.602907311189391226e-01
1.179999999999999938e+00 -9.617178731754324388e-05 -5.152070609098179099e-02
1.189999999999999947e+00 -6.842154217741250124e-06 -4.808589365877162167e-03
1.199999999999999956e+00 0.000000000000000000e+00 -6.842154217741250192e-04
