0.000000000000000000e+00 8.562639680000000908e+01 2.377558000000000504e+02
1.000000000000000021e-02 8.324862960000000101e+01 2.377558000000000504e+02
2.000000000000000042e-02 8.087128080000000807e+01 2.377558000000000504e+02
2.999999999999999889e-02 7.849351360000001421e+01 2.377558000000000504e+02
4.000000000000000083e-02 7.611616480000000706e+01 2.377558000000000504e+02
4.999999999999999584e-02 7.373839760000001320e+01 2.377558000000000504e+02
5.999999999999999778e-02 7.136104880000000605e+01 2.377558000000000504e+02
6.999999999999999278e-02 6.898328160000001219e+01 2.377558000000000504e+02
8.000000000000000167e-02 6.660593280000000505e+01 2.377558000000000504e+02
8.999999999999999667e-02 6.422816559999999697e+01 2.377558000000000504e+02
9.999999999999999167e-02 6.185081680000000404e+01 2.377558000000000504e+02
1.099999999999999867e-01 5.947304960000001017e+01 2.377558000000000504e+02
1.199999999999999956e-01 5.709570080000000303e+01 2.377558000000000504e+02
1.300000000000000044e-01 5.471793360000000206e+01 2.377558000000000504e+02
1.399999999999999856e-01 5.234058480000000202e+01 2.377558000000000504e+02
1.499999999999999944e-01 4.996281760000000816e+01 2.377558000000000504e+02
1.600000000000000033e-01 4.758546880000000812e+01 2.377558000000000504e+02
1.699999999999999845e-01 4.520770160000000715e+01 2.377558000000000504e+02
1.799999999999999933e-01 4.283035280000000711e+01 2.377558000000000504e+02
1.899999999999999745e-01 4.045271112000000358e+01 2.377558000000000504e+02
1.999999999999999833e-01 3.807515312000000307e+01 2.377558000000000504e+02
2.099999999999999922e-01 3.569759512000000257e+01 2.377558000000000504e+02
2.199999999999999734e-01 3.332003712000000206e+01 2.377558000000000504e+02
2.299999999999999822e-01 3.094247912000000511e+01 2.377558000000000504e+02
2.399999999999999911e-01 2.856487928000000309e+01 2.377558000000000504e+02
2.500000000000000000e-01 2.618732128000000259e+01 2.377558000000000504e+02
2.600000000000000089e-01 2.380976328000000208e+01 2.377558000000000504e+02
2.700000000000000178e-01 2.143220528000000513e+01 2.377558000000000504e+02
2.799999999999999711e-01 1.905464728000000107e+01 2.377558000000000504e+02
2.899999999999999800e-01 1.667708928000000412e+01 2.377558000000000504e+02
2.999999999999999889e-01 1.429953128000000007e+01 2.377558000000000504e+02
3.099999999999999423e-01 1.192197328000000134e+01 2.377558000000000504e+02
3.200000000000000067e-01 9.544415280000000834e+00 2.377558000000000504e+02
3.300000000000000155e-01 7.166857280000001218e+00 1.992427773333333789e+02
3.399999999999999689e-01 5.559573680000000628e+00 1.422880773333333480e+02
3.500000000000000333e-01 4.321109680000000175e+00 1.120795973333333535e+02
3.599999999999999867e-01 3.317974760000000689e+00 9.096085733333335099e+01
3.699999999999999956e-01 2.501893928000000322e+00 7.407841733333334844e+01
3.799999999999999489e-01 1.836411992000000160e+00 6.009011986666668292e+01
3.900000000000000133e-01 1.300090136000000118e+00 4.826578720000000544e+01
3.999999999999999667e-01 8.710962480000001840e-01 3.836999960000000698e+01
4.099999999999999756e-01 5.326901440000001431e-01 3.022096226666667107e+01
4.199999999999999845e-01 2.666760264000000435e-01 2.365738200000000546e+01
4.299999999999999933e-01 5.954501440000000562e-02 1.843491320000000400e+01
4.399999999999999467e-01 -1.020222376000000097e-01 1.428006173333333706e+01
4.499999999999999556e-01 -2.260556624000000514e-01 1.086745186666666996e+01
4.599999999999999645e-01 -3.193709960000000181e-01 7.935653333333335446e+00
4.699999999999999734e-01 -3.847685896000000438e-01 5.320534786666668126e+00
4.799999999999999822e-01 -4.257805760000000772e-01 3.022981840000000808e+00
4.899999999999999911e-01 -4.452278080000000582e-01 1.112672040000000306e+00
5.000000000000000000e-01 -4.480352720000000399e-01 -3.261065386666667232e-01
5.100000000000000089e-01 -4.387049520000000369e-01 -1.251706360000000240e+00
5.200000000000000178e-01 -4.230024000000000006e-01 -1.715265666666667022e+00
5.299999999999999156e-01 -4.044007544000000620e-01 -1.877632760000000456e+00
5.400000000000000355e-01 -3.854484895999999994e-01 -1.865485213333333725e+00
5.499999999999999334e-01 -3.670907712000000545e-01 -1.761575573333333589e+00
5.599999999999999423e-01 -3.502166992000000367e-01 -1.607667133333333664e+00
5.699999999999999512e-01 -3.349375680000000188e-01 -1.454769826666667099e+00
5.799999999999999600e-01 -3.211215816000000389e-01 -1.351236746666667043e+00
5.899999999999999689e-01 -3.079126936000000647e-01 -1.347338653333333580e+00
5.999999999999999778e-01 -2.941745296000000121e-01 -1.453061360000000413e+00
6.099999999999999867e-01 -2.788514664000000254e-01 -1.660734200000000271e+00
6.199999999999998845e-01 -2.609598456000000177e-01 -1.913817386666667009e+00
6.300000000000000044e-01 -2.405749792000000387e-01 -2.130987906666666820e+00
6.400000000000000133e-01 -2.183403664000000410e-01 -2.257679426666666878e+00
6.499999999999999112e-01 -1.954216696000000419e-01 -2.279024800000000628e+00
6.600000000000000311e-01 -1.727598704000000152e-01 -2.186760626666667040e+00
6.700000000000000400e-01 -1.516863176000000091e-01 -2.002929613333333858e+00
6.799999999999999378e-01 -1.327014176000000101e-01 -1.759748560000000461e+00
6.899999999999999467e-01 -1.164913464000000010e-01 -1.496254186666666985e+00
7.000000000000000666e-01 -1.027761944000000066e-01 -1.261629413333333671e+00
7.099999999999999645e-01 -9.125889760000001349e-02 -1.071585160000000148e+00
7.199999999999999734e-01 -8.134449120000000755e-02 -9.096155466666667744e-01
7.299999999999998712e-01 -7.306644720000000925e-02 -7.544658533333334915e-01
7.399999999999999911e-01 -6.625531360000000425e-02 -5.906664373333334606e-01
7.500000000000000000e-01 -6.125334160000001082e-02 -4.114705986666667425e-01
7.599999999999998979e-01 -5.802580400000000721e-02 -2.297141520000000325e-01
7.699999999999999067e-01 -5.665889120000001250e-02 -7.021449333333334986e-02
7.800000000000000266e-01 -5.662165360000000897e-02 3.185432613333333968e-02
7.899999999999999245e-01 -5.729611440000000749e-02 7.205475600000001146e-02
7.999999999999999334e-01 -5.806262320000001032e-02 7.238877866666668104e-02
8.100000000000000533e-01 -5.874377840000000878e-02 5.033616986666668291e-02
8.199999999999999512e-01 -5.906929360000000989e-02 1.248742693333333535e-02
8.299999999999999600e-01 -5.899356320000001541e-02 -3.857194733333334236e-02
8.399999999999999689e-01 -5.829776400000000192e-02 -1.051543800000000334e-01
8.499999999999999778e-01 -5.689026640000000717e-02 -1.726116173333333559e-01
8.599999999999999867e-01 -5.484554560000001050e-02 -2.243474746666667130e-01
8.699999999999999956e-01 -5.240334480000000822e-02 -2.650968453333333863e-01
8.799999999999998934e-01 -4.954358080000000747e-02 -3.032535306666667152e-01
8.900000000000000133e-01 -4.633821840000000580e-02 -3.352011600000000535e-01
8.999999999999999112e-01 -4.283955760000000140e-02 -3.681104120000000535e-01
9.099999999999999201e-01 -3.897621936000000148e-02 -4.139991293333334377e-01
9.199999999999999289e-01 -3.455975632000000269e-02 -4.646701586666667216e-01
9.299999999999999378e-01 -2.968280224000000023e-02 -4.990333506666667640e-01
9.399999999999999467e-01 -2.457907536000000434e-02 -5.069864373333334839e-01
9.499999999999999556e-01 -1.954308744000000236e-02 -4.934435266666667430e-01
9.599999999999999645e-01 -1.471023272000000250e-02 -4.671666120000000921e-01
9.699999999999999734e-01 -1.019975520000000052e-02 -4.334442693333334096e-01
9.799999999999999822e-01 -6.041319440000000700e-03 -3.906949466666667647e-01
9.899999999999998801e-01 -2.385867424000000323e-03 -3.321496293333334182e-01
1.000000000000000000e+00 6.016633840000000944e-04 -2.578396973333333952e-01
1.010000000000000009e+00 2.770925128000000393e-03 -1.756589640000000285e-01
1.020000000000000018e+00 4.114838480000000687e-03 -9.172862133333334334e-02
1.029999999999999805e+00 4.605496160000000817e-03 -1.046474186666666861e-02
1.040000000000000036e+00 4.324122159999999916e-03 5.344878693333334624e-02
1.050000000000000044e+00 3.536526000000000339e-03 8.719734933333334048e-02
1.059999999999999831e+00 2.580193304000000243e-03 9.098247466666668781e-02
1.069999999999999840e+00 1.716875112000000071e-03 7.497867466666668923e-02
1.080000000000000071e+00 1.080626784000000016e-03 4.908055146666668450e-02
1.089999999999999858e+00 7.352626880000000514e-04 2.267679186666667068e-02
1.099999999999999867e+00 6.270895520000000162e-04 3.436605106666666947e-03
1.109999999999999876e+00 6.665321200000000161e-04 -6.933166933333335252e-03
1.119999999999999885e+00 7.657514960000000315e-04 -1.143075773333333475e-02
1.129999999999999893e+00 8.951458800000001385e-04 -1.321160760000000302e-02
1.139999999999999902e+00 1.029983648000000170e-03 -1.267570693333333609e-02
1.149999999999999911e+00 1.148658624000000210e-03 -7.833215066666667989e-03
1.159999999999999920e+00 1.186649344000000050e-03 6.144740946666667203e-02
1.169999999999999929e+00 -8.028761280000001953e-05 6.051137893333334572e-02
1.179999999999999938e+00 -2.357859728000000525e-05 -3.916007826666667406e-03
1.189999999999999947e+00 -1.967417216000000195e-06 -1.178932653333333554e-03
1.199999999999999956e+00 0.000000000000000000e+00 -1.967414426666667287e-04
