0.000000000000000000e+00 5.595818224014685711e+02 1.406673107749074916e+03
1.000000000000000021e-02 5.455150913239777992e+02 1.406673107749074916e+03
2.000000000000000042e-02 5.314483602464870273e+02 1.406673107749079691e+03
2.999999999999999889e-02 5.173816291689962554e+02 1.406673107749074916e+03
4.000000000000000083e-02 5.033148980915055404e+02 1.406673107749074916e+03
4.999999999999999584e-02 4.892481670140147116e+02 1.406673107749079691e+03
5.999999999999999778e-02 4.751814359365239397e+02 1.406673107749074916e+03
6.999999999999999278e-02 4.611147048590332247e+02 1.406673107749074916e+03
8.000000000000000167e-02 4.470479737815424528e+02 1.406673107749074916e+03
8.999999999999999667e-02 4.329812427040516809e+02 1.406673107749074916e+03
9.999999999999999167e-02 4.189145116265609659e+02 1.406673107749077417e+03
1.099999999999999867e-01 4.048477805490701371e+02 1.406673107749077417e+03
1.199999999999999956e-01 3.907810494715794221e+02 1.406673107749077417e+03
1.300000000000000044e-01 3.767143183940885933e+02 1.406673107749077417e+03
1.399999999999999856e-01 3.626475873165978783e+02 1.406673107749074916e+03
1.499999999999999944e-01 3.485808562391071064e+02 1.406673107749077417e+03
1.600000000000000033e-01 3.345141251616163345e+02 1.406673107749077417e+03
1.699999999999999845e-01 3.204473940841255626e+02 1.406673107749074916e+03
1.799999999999999933e-01 3.063806630066348475e+02 1.406673107749077417e+03
1.899999999999999745e-01 2.923139319291440188e+02 1.406673107749077417e+03
1.999999999999999833e-01 2.782472008516533037e+02 1.406673107749074916e+03
2.099999999999999922e-01 2.641804697741625318e+02 1.406673107749077417e+03
2.199999999999999734e-01 2.501137386966717315e+02 1.406673107749077417e+03
2.299999999999999822e-01 2.360470076191809881e+02 1.406673107749079691e+03
2.399999999999999911e-01 2.219802765416901309e+02 1.406673107749078554e+03
2.500000000000000000e-01 2.079135454641994158e+02 1.406673107749074916e+03
2.600000000000000089e-01 1.938468143867086440e+02 1.406673107749077417e+03
2.700000000000000178e-01 1.797800833092178721e+02 1.406673107749076280e+03
2.799999999999999711e-01 1.657133522317271286e+02 1.406673107749076280e+03
2.899999999999999800e-01 1.516466211542363567e+02 1.406673107749077417e+03
2.999999999999999889e-01 1.375798900767455848e+02 1.406673107749074916e+03
3.099999999999999423e-01 1.235131589992548413e+02 1.406673107749076280e+03
3.200000000000000067e-01 1.094464279217640552e+02 1.406673107749080373e+03
3.300000000000000155e-01 9.537969684427324069e+01 1.406673107749076735e+03
3.399999999999999689e-01 8.131296576678251142e+01 1.406673107749076735e+03
3.500000000000000333e-01 6.724623468929171111e+01 1.406673107749076735e+03
3.599999999999999867e-01 5.317950361180098184e+01 1.406673107749076735e+03
3.699999999999999956e-01 3.911277253431017442e+01 1.406673107749076280e+03
3.799999999999999489e-01 2.504604145681945937e+01 1.406673107749076507e+03
3.900000000000000133e-01 1.097931037932864839e+01 8.442439711001727574e+02
3.999999999999999667e-01 8.161162034816005217e+00 2.451970298100481500e+02
4.099999999999999756e-01 6.075369783127685608e+00 1.953676531096241717e+02
4.199999999999999845e-01 4.253808972623522422e+00 1.646907593787482256e+02
4.299999999999999933e-01 2.781554595552720777e+00 1.340279015235030329e+02
4.399999999999999467e-01 1.573250942153461951e+00 1.080642992003691631e+02
4.499999999999999556e-01 6.202686115453376337e-01 8.502370435498286838e+01
4.599999999999999645e-01 -1.272231449461950770e-01 6.672217930765657457e+01
4.699999999999999734e-01 -7.141749746077935557e-01 5.078780377376724431e+01
4.799999999999999822e-01 -1.142979220421539877e+00 3.733754423904544240e+01
4.899999999999999911e-01 -1.460925859388702452e+00 2.724750179163066122e+01
5.000000000000000000e-01 -1.687929256254153021e+00 1.872936824448452597e+01
5.100000000000000089e-01 -1.835513224278392919e+00 1.171058364159925347e+01
5.200000000000000178e-01 -1.922140929086137984e+00 5.662690153691484873e+00
5.299999999999999156e-01 -1.948767027352222403e+00 8.274087730715751210e-01
5.400000000000000355e-01 -1.938689104547569597e+00 -3.192481351645772847e+00
5.499999999999999334e-01 -1.884917400319306990e+00 -6.595373436349088792e+00
5.599999999999999423e-01 -1.806781635820587706e+00 -8.858530672638446291e+00
5.699999999999999512e-01 -1.707746786866538136e+00 -1.101936493821181173e+01
5.799999999999999600e-01 -1.586394337056351578e+00 -1.234479706448065528e+01
5.899999999999999689e-01 -1.460850845576925128e+00 -1.244539371080971080e+01
5.999999999999999778e-01 -1.337486462840157486e+00 -1.198060761031245924e+01
6.099999999999999867e-01 -1.221238693370675810e+00 -1.114786077935173836e+01
6.199999999999998845e-01 -1.114529247253122746e+00 -1.010337351001759210e+01
6.300000000000000044e-01 -1.019171223170324048e+00 -8.748865256868835871e+00
6.400000000000000133e-01 -9.395519421157459972e-01 -7.089829911434979870e+00
6.499999999999999112e-01 -8.773746249416245480e-01 -5.150630708746271047e+00
6.600000000000000311e-01 -8.365393279408205318e-01 -3.601515478599309095e+00
6.700000000000000400e-01 -8.053443153696383527e-01 -3.364143781647436882e+00
6.799999999999999378e-01 -7.692564523078717631e-01 -3.114155426415139427e+00
6.899999999999999467e-01 -7.430612068413355864e-01 -2.730687205220541980e+00
7.000000000000000666e-01 -7.146427082034609857e-01 -3.091434969726813087e+00
7.099999999999999645e-01 -6.812325074467993069e-01 -2.937540092017091098e+00
7.199999999999999734e-01 -6.558919063631191149e-01 -3.264339636236456954e+00
7.299999999999998712e-01 -6.159457147220701589e-01 -3.864061080297662265e+00
7.399999999999999911e-01 -5.786106847571659273e-01 -3.777398912045409674e+00
7.500000000000000000e-01 -5.403977364811619610e-01 -3.559566403998417616e+00
7.599999999999998979e-01 -5.074193566771976194e-01 -4.209235892937841506e+00
7.699999999999999067e-01 -4.562130186224051531e-01 -5.342108227264653841e+00
7.800000000000000266e-01 -4.005771921319045137e-01 -5.275314273340385718e+00
7.899999999999999245e-01 -3.507067331555974166e-01 -5.191576051242789092e+00
7.999999999999999334e-01 -2.967456711070487474e-01 -4.775500554530975883e+00
8.100000000000000533e-01 -2.551967220649779544e-01 -3.692330903206641146e+00
8.199999999999999512e-01 -2.228990530429159345e-01 -3.219242636886318731e+00
8.299999999999999600e-01 -1.908118693272515820e-01 -2.681446302227558309e+00
8.399999999999999689e-01 -1.692701269983647727e-01 -1.935604525970540779e+00
8.499999999999999778e-01 -1.520997788078407575e-01 -1.338730583426851695e+00
8.599999999999999867e-01 -1.424955153298277377e-01 -1.193836806345960566e+00
8.699999999999999956e-01 -1.282230426809215507e-01 -1.291740700879747683e+00
8.799999999999998934e-01 -1.166607013122327868e-01 -1.337445420645825722e+00
8.900000000000000133e-01 -1.014741342680050423e-01 -1.349116079424713011e+00
8.999999999999999112e-01 -8.967837972373852995e-02 -9.241434623800319770e-01
9.099999999999999201e-01 -8.299126502040440889e-02 -8.780821687084323646e-01
9.199999999999999289e-01 -7.211673634956987378e-02 -1.090949099811868050e+00
9.299999999999999378e-01 -6.117228302416705121e-02 -1.412895037091906003e+00
9.399999999999999467e-01 -4.385883560773176648e-02 -1.326824127485894511e+00
9.499999999999999556e-01 -3.463580047444916182e-02 -9.551949970583525351e-01
9.599999999999999645e-01 -2.475493566656471536e-02 -6.631115025057285894e-01
9.699999999999999734e-01 -2.137357042433458976e-02 -4.536001150386338443e-01
9.799999999999999822e-01 -1.568293336579203862e-02 -3.884674326118182641e-01
9.899999999999998801e-01 -1.360422177209822531e-02 -6.481849325646937832e-03
1.000000000000000000e+00 -1.555329637927910062e-02 2.479367354886334585e-01
1.010000000000000009e+00 -1.856295648187089239e-02 4.030645018096699617e-01
1.020000000000000018e+00 -2.361458641547250006e-02 6.736408822742222524e-01
1.029999999999999805e+00 -3.203577412735533758e-02 9.235445540160986955e-01
1.040000000000000036e+00 -4.208547749579447106e-02 1.454456735943711054e+00
1.050000000000000044e+00 -6.112490884622955034e-02 1.493983802939405692e+00
1.059999999999999831e+00 -7.196515355458257823e-02 8.627179444646807527e-01
1.069999999999999840e+00 -7.837926773552317261e-02 5.493099529498081113e-01
1.080000000000000071e+00 -8.295135261357874934e-02 4.023061204584964246e-02
1.089999999999999858e+00 -7.918387997644016352e-02 -5.614138838192914704e-01
1.099999999999999867e+00 -7.172307493719291827e-02 -7.253688509942747276e-01
1.109999999999999876e+00 -6.467650295655466564e-02 -6.909044618745657784e-01
1.119999999999999885e+00 -5.790498569970160131e-02 -8.519193891329746027e-01
1.129999999999999893e+00 -4.763811517389517081e-02 -1.041773589148553558e+00
1.139999999999999902e+00 -3.706951391673053015e-02 -1.038103049738029471e+00
1.149999999999999911e+00 -2.687605417913458902e-02 -1.079578795911198430e+00
1.159999999999999920e+00 -1.547793799850656800e-02 -1.362239471718155182e+00
1.169999999999999929e+00 3.687352552285122877e-04 -7.916785370736630911e-01
1.179999999999999938e+00 3.556327429666942294e-04 1.682879719629560081e-02
1.189999999999999947e+00 3.215931130260028320e-05 1.778163714833471201e-02
1.199999999999999956e+00 0.000000000000000000e+00 3.215931130260028022e-03
