0.000000000000000000e+00 8.312387069245774910e+03 1.282269417338907224e+05
1.000000000000000021e-02 7.030117651906868559e+03 1.183597015986498445e+05
2.000000000000000042e-02 5.945193037272778383e+03 1.001419939730871265e+05
2.999999999999999889e-02 5.027277772445126175e+03 8.472482172798024840e+04
4.000000000000000083e-02 4.250696602713173888e+03 7.167794892407210136e+04
4.999999999999999584e-02 3.593718793963684220e+03 6.063721289421214169e+04
5.999999999999999778e-02 3.037952344828931473e+03 5.129437885424184788e+04
6.999999999999999278e-02 2.567831216878847044e+03 4.338855217117685970e+04
8.000000000000000167e-02 2.170181301405394152e+03 3.669890914746352792e+04
8.999999999999999667e-02 1.833853033929576668e+03 3.103854389361466019e+04
9.999999999999999167e-02 1.549410423533101266e+03 2.624925993879613088e+04
1.099999999999999867e-01 1.308867835153654141e+03 2.219716153519374348e+04
1.199999999999999956e-01 1.105467192829226406e+03 1.876892187968705548e+04
1.300000000000000044e-01 9.334893975599130727e+02 1.586862432550350604e+04
1.399999999999999856e-01 7.880947063191563302e+02 1.341508861191736287e+04
1.499999999999999944e-01 6.651876253215658608e+02 1.133960764596026092e+04
1.600000000000000033e-01 5.613025533999510799e+02 9.584031802555533432e+03
1.699999999999999845e-01 4.735069892704552217e+02 8.099147386808339434e+03
1.799999999999999933e-01 3.993196056637842730e+02 6.843304093809989354e+03
1.899999999999999745e-01 3.366409073942554073e+02 5.781253235342067455e+03
1.999999999999999833e-01 2.836945409569429444e+02 4.883164372361045025e+03
2.099999999999999922e-01 2.389776199470345546e+02 4.123792960529760421e+03
2.199999999999999734e-01 2.012186817463477553e+02 3.481775821682943388e+03
2.299999999999999822e-01 1.693421035133756618e+02 2.939034814066509625e+03
2.399999999999999911e-01 1.424379854650175616e+02 2.480272087601856583e+03
2.500000000000000000e-01 1.197366617613385387e+02 2.092542861201231972e+03
2.600000000000000089e-01 1.005871282409929108e+02 1.764893818323343339e+03
2.700000000000000178e-01 8.443878539487168666e+01 1.488057044631350664e+03
2.799999999999999711e-01 7.082598734836589927e+01 1.254190978689963686e+03
2.899999999999999800e-01 5.935496582107241181e+01 1.056661156192087219e+03
2.999999999999999889e-01 4.969276422452415432e+01 8.898546367038486551e+02
3.099999999999999423e-01 4.155787308699544269e+01 7.490229402268371359e+02
3.200000000000000067e-01 3.471230541998741614e+01 6.301491151261108143e+02
3.300000000000000155e-01 2.895489078447322484e+01 5.298352312785220875e+02
3.399999999999999689e-01 2.411560079441697368e+01 4.452071613801322769e+02
3.500000000000000333e-01 2.005074755687057930e+01 3.738339950609444600e+02
3.599999999999999867e-01 1.663892089319808676e+01 3.136598382044811615e+02
3.699999999999999956e-01 1.377755079278095884e+01 2.629460950136350448e+02
3.799999999999999489e-01 1.137999899292538508e+01 2.202226225145790579e+02
3.900000000000000133e-01 9.373098342489377899e+00 1.842463944834489951e+02
3.999999999999999667e-01 7.695071103256404754e+00 1.539665211029221439e+02
4.099999999999999756e-01 6.293767920430934915e+00 1.284946478374669709e+02
4.199999999999999845e-01 5.125178146507065158e+00 1.070799069915584028e+02
4.299999999999999933e-01 4.152169780599766824e+00 8.908772236164804781e+01
4.399999999999999467e-01 3.343423699274104433e+00 7.398187484590705765e+01
4.499999999999999556e-01 2.672532283681626097e+00 6.130932782868816844e+01
4.599999999999999645e-01 2.117237142700341135e+00 5.068738814269158865e+01
4.699999999999999734e-01 1.658784520827794262e+00 4.179284357549395423e+01
4.799999999999999822e-01 1.281380271190462050e+00 3.435277304360528916e+01
4.899999999999999911e-01 9.717290599556885899e-01 2.813677224314924175e+01
5.000000000000000000e-01 7.186448263274773929e-01 2.295037710220816152e+01
5.100000000000000089e-01 5.127215179115254262e-01 1.862950080682410814e+01
5.200000000000000178e-01 3.460548101909952656e-01 1.503572848247882376e+01
5.299999999999999156e-01 2.120069482619489631e-01 1.205233757443927090e+01
5.400000000000000355e-01 1.050080587022098749e-01 9.580932251361781837e+00
5.499999999999999334e-01 2.038830323471337025e-02 7.538597322185966121e+00
5.599999999999999423e-01 -4.576388774150944028e-02 5.855491685041876337e+00
5.699999999999999512e-01 -9.672153046612413929e-02 4.472813623589682486e+00
5.799999999999999600e-01 -1.352201602133030756e-01 3.341080673693360037e+00
5.899999999999999689e-01 -1.635431439399913367e-01 2.418675591740104380e+00
5.999999999999999778e-01 -1.835936720481051443e-01 1.670617410850627094e+00
6.099999999999999867e-01 -1.969554921570038641e-01 1.067522880561857290e+00
6.199999999999998845e-01 -2.049441296593423056e-01 5.847289252649569002e-01
6.300000000000000044e-01 -2.086500706623030110e-01 2.015512756857288645e-01
6.400000000000000133e-01 -2.089751551730568702e-01 -9.934174792842664914e-02
6.499999999999999112e-01 -2.066632357037344880e-01 -3.324580857942504575e-01
6.600000000000000311e-01 -2.023259934571718655e-01 -5.099284677719617687e-01
6.700000000000000400e-01 -1.964646663482952360e-01 -6.418833500495342292e-01
6.799999999999999378e-01 -1.894883264561811886e-01 -7.367710263739264409e-01
6.899999999999999467e-01 -1.817292458208167316e-01 -8.016260212714078071e-01
7.000000000000000666e-01 -1.734558060307530292e-01 -8.422954684109649204e-01
7.099999999999999645e-01 -1.648833364525974232e-01 -8.636299890505647614e-01
7.199999999999999734e-01 -1.561832062497417462e-01 -8.696445801551897503e-01
7.299999999999998712e-01 -1.474904448494936404e-01 -8.636541711794630816e-01
7.399999999999999911e-01 -1.389101228261524767e-01 -8.483877888752768825e-01
7.500000000000000000e-01 -1.305226890719880795e-01 -8.260846606802410008e-01
7.599999999999998979e-01 -1.223884296125476584e-01 -7.985750722238270649e-01
7.699999999999999067e-01 -1.145511876275115554e-01 -7.673483588313692039e-01
7.800000000000000266e-01 -1.070414624359202760e-01 -7.336100424041133161e-01
7.899999999999999245e-01 -9.987898677942928793e-02 -6.983298133747635195e-01
7.999999999999999334e-01 -9.307486616842500227e-02 -6.622817938392371317e-01
8.100000000000000533e-01 -8.663335090264455418e-02 -6.260782950467901342e-01
8.199999999999999512e-01 -8.055330026748920569e-02 -5.901980939302937657e-01
8.299999999999999600e-01 -7.482938902403866999e-02 -5.550100939762598884e-01
8.399999999999999689e-01 -6.945309838796401292e-02 -5.207931009863199234e-01
8.499999999999999778e-01 -6.441352700431228484e-02 -4.877523303727330228e-01
8.599999999999999867e-01 -5.969805178050935357e-02 -4.560331663488621512e-01
8.699999999999999956e-01 -5.529286367733503293e-02 -4.257326120041241557e-01
8.799999999999998934e-01 -5.118339954042686740e-02 -3.969088004923629343e-01
8.900000000000000133e-01 -4.735468766748777980e-02 -3.695888794674138111e-01
8.999999999999999112e-01 -4.379162195107859368e-02 -3.437755318236820345e-01
9.099999999999999201e-01 -4.047917703101414078e-02 -3.194523543502002516e-01
9.199999999999999289e-01 -3.740257486407459059e-02 -2.965882809057444613e-01
9.299999999999999378e-01 -3.454741141289924961e-02 -2.751412071733377318e-01
9.399999999999999467e-01 -3.189975072060783484e-02 -2.550609491115737315e-01
9.499999999999999556e-01 -2.944619243066777525e-02 -2.362916461745552810e-01
9.599999999999999645e-01 -2.717391779711672908e-02 -2.187737026185179734e-01
9.699999999999999734e-01 -2.507071837829741648e-02 -2.024453452411971444e-01
9.799999999999999822e-01 -2.312501089229278620e-02 -1.872438632779814260e-01
9.899999999999998801e-01 -2.132584111273778948e-02 -1.731065855422472544e-01
1.000000000000000000e+00 -1.966287918144784402e-02 -1.599716409372160808e-01
1.010000000000000009e+00 -1.812640829399346856e-02 -1.477785409223695556e-01
1.020000000000000018e+00 -1.670730836300045319e-02 -1.364686161683619225e-01
1.029999999999999805e+00 -1.539703597062623032e-02 -1.259853342940343846e-01
1.040000000000000036e+00 -1.418760167711976411e-02 -1.162745210899772674e-01
1.050000000000000044e+00 -1.307154554882668414e-02 -1.072845038618994856e-01
1.059999999999999831e+00 -1.204191159988177509e-02 -9.896619236134708564e-02
1.069999999999999840e+00 -1.109222170159974291e-02 -9.127311011600404422e-02
1.080000000000000071e+00 -1.021644939756169435e-02 -8.416138674658971142e-02
1.089999999999999858e+00 -9.408993966667949724e-03 -7.758971999439057132e-02
1.099999999999999867e+00 -8.664654997673881809e-03 -7.151931462550473184e-02
1.109999999999999876e+00 -7.978607674157854948e-03 -6.591380407658255225e-02
1.119999999999999885e+00 -7.346378916142231284e-03 -6.073915962140537250e-02
1.129999999999999893e+00 -6.763824481729747116e-03 -5.596359093362844594e-02
1.139999999999999902e+00 -6.227107097469662504e-03 -5.155744116940669253e-02
1.149999999999999911e+00 -5.732675658341613439e-03 -4.749307906992047967e-02
1.159999999999999920e+00 -5.277245516071253292e-03 -4.374479006740961129e-02
1.169999999999999929e+00 -4.857779856993421110e-03 -4.028866795176515303e-02
1.179999999999999938e+00 -4.471472157035949989e-03 -3.710250830343996692e-02
1.189999999999999947e+00 -4.115729690924622465e-03 -3.416570461004322240e-02
1.199999999999999956e+00 -3.788158064835085888e-03 -3.275716260895363691e-02
