0.000000000000000000e+00 7.458774960000001556e+03 1.050309520000000193e+05
1.000000000000000021e-02 6.408465440000000854e+03 9.767478266666668060e+04
2.000000000000000042e-02 5.505265360000000328e+03 8.399031333333335351e+04
2.999999999999999889e-02 4.728673120000000381e+03 7.221793200000001525e+04
4.000000000000000083e-02 4.060931824000000688e+03 6.209021133333334728e+04
4.999999999999999584e-02 3.486861920000000282e+03 5.337835626666667667e+04
5.999999999999999778e-02 2.993363304000000426e+03 4.588453333333334012e+04
6.999999999999999278e-02 2.569172648000000208e+03 3.943880240000000776e+04
8.000000000000000167e-02 2.204587256000000252e+03 3.389486293333334470e+04
8.999999999999999667e-02 1.891272600000000239e+03 2.912677653333334092e+04
9.999999999999999167e-02 1.622053120000000263e+03 2.502624733333334007e+04
1.099999999999999867e-01 1.390749048000000130e+03 2.149997213333333639e+04
1.199999999999999956e-01 1.192055072000000109e+03 1.846782733333333817e+04
1.300000000000000044e-01 1.021393896000000154e+03 1.586070720000000256e+04
1.399999999999999856e-01 8.748409280000001900e+02 1.361926866666666865e+04
1.499999999999999944e-01 7.490071280000000797e+02 1.169239720000000125e+04
1.600000000000000033e-01 6.409929840000000922e+02 1.003602133333333586e+04
1.699999999999999845e-01 5.482880960000001096e+02 8.612415333333334274e+03
1.799999999999999933e-01 4.687418880000000172e+02 7.388944000000001324e+03
1.899999999999999745e-01 4.005087976000000367e+02 6.337602426666668180e+03
1.999999999999999833e-01 3.419917920000000322e+02 5.434311693333334006e+03
2.099999999999999922e-01 2.918227032000000349e+02 4.658326133333333928e+03
2.199999999999999734e-01 2.488249904000000470e+02 3.991800986666667541e+03
2.299999999999999822e-01 2.119865440000000376e+02 3.419394920000000639e+03
2.399999999999999911e-01 1.804370920000000069e+02 2.927900440000000799e+03
2.500000000000000000e-01 1.534285351999999989e+02 2.505971933333333709e+03
2.600000000000000089e-01 1.303177928000000065e+02 2.143832786666666834e+03
2.700000000000000178e-01 1.105521584000000104e+02 1.833080133333333606e+03
2.799999999999999711e-01 9.365632960000000651e+01 1.566482626666666874e+03
2.899999999999999800e-01 7.922236640000001273e+01 1.337840973333333523e+03
2.999999999999999889e-01 6.689923120000000267e+01 1.141799653333333708e+03
3.099999999999999423e-01 5.638609440000000461e+01 9.737702133333335723e+02
3.200000000000000067e-01 4.742396640000000474e+01 8.297918000000001939e+02
3.300000000000000155e-01 3.979046760000000660e+01 7.064684000000002015e+02
3.399999999999999689e-01 3.329464023999999966e+01 6.008858573333334334e+02
3.500000000000000333e-01 2.777276440000000335e+01 5.105274960000000988e+02
3.599999999999999867e-01 2.308409032000000138e+01 4.332364640000000691e+02
3.699999999999999956e-01 1.910803512000000381e+01 5.031211186666668027e+02
3.799999999999999489e-01 1.302169584000000135e+01 5.584775306666667802e+02
3.900000000000000133e-01 7.938470560000001619e+00 2.855810120000000438e+02
3.999999999999999667e-01 7.310075600000000229e+00 9.097480400000002021e+01
4.099999999999999756e-01 6.118974480000001215e+00 1.162907933333333403e+02
4.199999999999999845e-01 4.984231840000000524e+00 1.068607546666666792e+02
4.299999999999999933e-01 3.981753808000000117e+00 9.337572266666668952e+01
4.399999999999999467e-01 3.116732728000000119e+00 8.000017200000002049e+01
4.499999999999999556e-01 2.381750368000000506e+00 6.769377280000000496e+01
4.599999999999999645e-01 1.762857272000000197e+00 5.680079853333334938e+01
4.699999999999999734e-01 1.245735792000000286e+00 4.728840480000000923e+01
4.799999999999999822e-01 8.170891760000000836e-01 3.906970386666667139e+01
4.899999999999999911e-01 4.643403200000000286e-01 3.209330226666667585e+01
5.000000000000000000e-01 1.752204808000000225e-01 2.624616226666667274e+01
5.100000000000000089e-01 -6.058390160000001051e-02 2.131852600000000564e+01
5.200000000000000178e-01 -2.511504576000000433e-01 1.712699480000000207e+01
5.299999999999999156e-01 -4.031237976000000556e-01 1.354465400000000308e+01
5.400000000000000355e-01 -5.220418640000000776e-01 1.050483853333333428e+01
5.499999999999999334e-01 -6.132195920000000910e-01 7.969125333333335170e+00
5.599999999999999423e-01 -6.814271600000000317e-01 5.891950640000001904e+00
5.699999999999999512e-01 -7.310577680000001077e-01 4.190792026666667169e+00
5.799999999999999600e-01 -7.652410480000000348e-01 2.768427280000000490e+00
5.899999999999999689e-01 -7.864288240000001373e-01 1.538561400000000301e+00
5.999999999999999778e-01 -7.960143680000001387e-01 4.649595520000001092e-01
6.099999999999999867e-01 -7.957256720000001060e-01 -4.456838640000000962e-01
6.199999999999998845e-01 -7.870982640000001584e-01 -1.163640133333333715e+00
6.300000000000000044e-01 -7.724542640000000571e-01 -1.668488546666666794e+00
6.400000000000000133e-01 -7.537308640000001114e-01 -1.993334306666666889e+00
6.499999999999999112e-01 -7.325891120000000978e-01 -2.228747066666667109e+00
6.600000000000000311e-01 -7.091545280000001172e-01 -2.427961253333333680e+00
6.700000000000000400e-01 -6.840296080000001222e-01 -2.587162453333333723e+00
6.799999999999999378e-01 -6.574110000000000786e-01 -2.689712293333333726e+00
6.899999999999999467e-01 -6.302359200000000605e-01 -2.712368653333333768e+00
7.000000000000000666e-01 -6.031654400000000527e-01 -2.647439946666667154e+00
7.099999999999999645e-01 -5.772874000000001171e-01 -2.536556973333333520e+00
7.199999999999999734e-01 -5.524344400000000821e-01 -2.456349693333333750e+00
7.299999999999998712e-01 -5.281588720000000015e-01 -2.475979626666667155e+00
7.399999999999999911e-01 -5.029126160000000345e-01 -2.606890013333333922e+00
7.500000000000000000e-01 -4.760220480000000864e-01 -2.785205120000000534e+00
7.599999999999998979e-01 -4.472110240000000125e-01 -2.931366186666667595e+00
7.699999999999999067e-01 -4.173937480000000644e-01 -2.994907200000000991e+00
7.800000000000000266e-01 -3.873112064000000521e-01 -2.961212053333333927e+00
7.899999999999999245e-01 -3.581696464000000413e-01 -2.836731080000000293e+00
7.999999999999999334e-01 -3.305765848000000728e-01 -2.647962946666667428e+00
8.100000000000000533e-01 -3.052102480000000173e-01 -2.431301480000000570e+00
8.199999999999999512e-01 -2.819505552000000081e-01 -2.231145893333333685e+00
8.299999999999999600e-01 -2.605874696000000101e-01 -2.074315626666666912e+00
8.399999999999999689e-01 -2.404641032000000289e-01 -1.955559760000000313e+00
8.499999999999999778e-01 -2.214758560000000265e-01 -1.843812093333333513e+00
8.599999999999999867e-01 -2.035880008000000296e-01 -1.709422013333333545e+00
8.699999999999999956e-01 -1.872875552000000388e-01 -1.531406760000000311e+00
8.799999999999998934e-01 -1.729598656000000123e-01 -1.318608520000000173e+00
8.900000000000000133e-01 -1.609153848000000331e-01 -1.104032080000000304e+00
8.999999999999999112e-01 -1.508788056000000266e-01 -9.368394400000003008e-01
9.099999999999999201e-01 -1.421785960000000182e-01 -8.457258666666669367e-01
9.199999999999999289e-01 -1.339645672000000232e-01 -8.230764800000002213e-01
9.299999999999999378e-01 -1.257170664000000215e-01 -8.371207733333335677e-01
9.399999999999999467e-01 -1.172218728000000154e-01 -8.589542800000001810e-01
9.499999999999999556e-01 -1.085379808000000029e-01 -8.684728800000001137e-01
9.599999999999999645e-01 -9.985241520000001647e-02 -8.597910800000001519e-01
9.699999999999999734e-01 -9.134215920000000877e-02 -8.370022266666669042e-01
9.799999999999999822e-01 -8.311264960000000479e-02 -8.130348800000002374e-01
9.899999999999998801e-01 -7.508146160000001013e-02 -7.966893866666667767e-01
1.000000000000000000e+00 -6.717872240000001549e-02 -7.872126266666668037e-01
1.010000000000000009e+00 -5.933706960000000724e-02 -7.751487600000002143e-01
1.020000000000000018e+00 -5.167574720000001065e-02 -7.464604666666667665e-01
1.029999999999999805e+00 -4.440813920000000192e-02 -6.956025520000000961e-01
1.040000000000000036e+00 -3.776373800000000502e-02 -6.284444706666667546e-01
1.050000000000000044e+00 -3.183923584000000750e-02 -5.512426973333334201e-01
1.059999999999999831e+00 -2.673885616000000465e-02 -4.679964386666667919e-01
1.069999999999999840e+00 -2.247929312000000041e-02 -3.883853786666667252e-01
1.080000000000000071e+00 -1.897117648000000087e-02 -3.200634480000000837e-01
1.089999999999999858e+00 -1.607802416000000262e-02 -2.645605960000000367e-01
1.099999999999999867e+00 -1.367996456000000229e-02 -2.200644533333334096e-01
1.109999999999999876e+00 -1.167674904000000173e-02 -1.852647306666667104e-01
1.119999999999999885e+00 -9.974656000000001882e-03 -1.591447160000000471e-01
1.129999999999999893e+00 -8.493854720000000927e-03 -1.415475093333333489e-01
1.139999999999999902e+00 -7.143719760000001064e-03 -1.316418893333333728e-01
1.149999999999999911e+00 -5.861030880000000533e-03 -1.276698786666666807e-01
1.159999999999999920e+00 -4.590308240000000317e-03 -2.847490933333333696e-01
1.169999999999999929e+00 -1.660399480000000207e-04 -2.285698280000000304e-01
1.179999999999999938e+00 -1.891653344000000024e-05 -8.229091200000001813e-03
1.189999999999999947e+00 -1.458136552000000098e-06 -9.458280666666668817e-04
1.199999999999999956e+00 0.000000000000000000e+00 -1.458137946666666798e-04
