0.000000000000000000e+00 4.458447343022262999e+02 1.174052397016016585e+03
1.000000000000000021e-02 4.341042103320660885e+02 1.174052397016016585e+03
2.000000000000000042e-02 4.223636863619059341e+02 1.174052397016021359e+03
2.999999999999999889e-02 4.106231623917456659e+02 1.174052397016021359e+03
4.000000000000000083e-02 3.988826384215855114e+02 1.174052397016021359e+03
4.999999999999999584e-02 3.871421144514252433e+02 1.174052397016021359e+03
5.999999999999999778e-02 3.754015904812650888e+02 1.174052397016021359e+03
6.999999999999999278e-02 3.636610665111048206e+02 1.174052397016021359e+03
8.000000000000000167e-02 3.519205425409446661e+02 1.174052397016018858e+03
8.999999999999999667e-02 3.401800185707844548e+02 1.174052397016021359e+03
9.999999999999999167e-02 3.284394946006242435e+02 1.174052397016021359e+03
1.099999999999999867e-01 3.166989706304640322e+02 1.174052397016021359e+03
1.199999999999999956e-01 3.049584466603038209e+02 1.174052397016021359e+03
1.300000000000000044e-01 2.932179226901436095e+02 1.174052397016021359e+03
1.399999999999999856e-01 2.814773987199833982e+02 1.174052397016021359e+03
1.499999999999999944e-01 2.697368747498231869e+02 1.174052397016021359e+03
1.600000000000000033e-01 2.579963507796629756e+02 1.174052397016018858e+03
1.699999999999999845e-01 2.462558268095028211e+02 1.174052397016021359e+03
1.799999999999999933e-01 2.345153028393425529e+02 1.174052397016021359e+03
1.899999999999999745e-01 2.227747788691823985e+02 1.174052397016018858e+03
1.999999999999999833e-01 2.110342548990221871e+02 1.174052397016021359e+03
2.099999999999999922e-01 1.992937309288619758e+02 1.174052397016021359e+03
2.199999999999999734e-01 1.875532069587017645e+02 1.174052397016021359e+03
2.299999999999999822e-01 1.758126829885415532e+02 1.174052397016023633e+03
2.399999999999999911e-01 1.640721590183812850e+02 1.174052397016023633e+03
2.500000000000000000e-01 1.523316350482210737e+02 1.174052397016018858e+03
2.600000000000000089e-01 1.405911110780609192e+02 1.174052397016018858e+03
2.700000000000000178e-01 1.288505871079007079e+02 1.174052397016021359e+03
2.799999999999999711e-01 1.171100631377404966e+02 1.174052397016021359e+03
2.899999999999999800e-01 1.053695391675802853e+02 1.174052397016021359e+03
2.999999999999999889e-01 9.362901519742007395e+01 1.174052397016018858e+03
3.099999999999999423e-01 8.188849122725990526e+01 1.174052397016020677e+03
3.200000000000000067e-01 7.014796725709965131e+01 1.174052397016024997e+03
3.300000000000000155e-01 5.840744328693941156e+01 1.174052397016020677e+03
3.399999999999999689e-01 4.666691931677924288e+01 1.174052397016020677e+03
3.500000000000000333e-01 3.492639534661899603e+01 1.174052397016020677e+03
3.599999999999999867e-01 2.318587137645883445e+01 1.154644256000958649e+03
3.699999999999999956e-01 1.183351022659983087e+01 6.524380110161887387e+02
3.799999999999999489e-01 1.013711115613506308e+01 2.136027701280787028e+02
3.900000000000000133e-01 7.561454824038257527e+00 2.405006225537832734e+02
3.999999999999999667e-01 5.327098705059397865e+00 2.018847245851054879e+02
4.099999999999999756e-01 3.523760332336148160e+00 1.605608634627597269e+02
4.199999999999999845e-01 2.115881435804203292e+00 1.260228612060979572e+02
4.299999999999999933e-01 1.003303108214188999e+00 9.794837547980671388e+01
4.399999999999999467e-01 1.569139262080693487e-01 7.368577739379695402e+01
4.499999999999999556e-01 -4.704124396617500037e-01 5.314480289185495110e+01
4.599999999999999645e-01 -9.059821316290296300e-01 3.771478277504078136e+01
4.699999999999999734e-01 -1.224708095162565513e+00 2.861209746609477733e+01
4.799999999999999822e-01 -1.478224080950925057e+00 2.432965519670197807e+01
4.899999999999999911e-01 -1.711301199096605163e+00 2.207001319350974455e+01
5.000000000000000000e-01 -1.919624344821119877e+00 1.905786704827841760e+01
5.100000000000000089e-01 -2.092458540062173356e+00 1.429151934125933998e+01
5.200000000000000178e-01 -2.205454731646306676e+00 7.929359391975664195e+00
5.299999999999999156e-01 -2.251045727901686888e+00 9.103665087239964926e-01
5.400000000000000355e-01 -2.223662061820786739e+00 -5.775192695793890607e+00
5.499999999999999334e-01 -2.135541873985808969e+00 -1.064905106240727406e+01
5.599999999999999423e-01 -2.010681040572641187e+00 -1.220780846046782031e+01
5.699999999999999512e-01 -1.891385704776452625e+00 -1.076456160536426054e+01
5.799999999999999600e-01 -1.795389808465355896e+00 -9.536755074535918197e+00
5.899999999999999689e-01 -1.700650603285734253e+00 -8.484971662307055240e+00
5.999999999999999778e-01 -1.625690375219214889e+00 -1.005473162105339036e+01
6.099999999999999867e-01 -1.499555970864666410e+00 -1.554332912912623854e+01
6.199999999999998845e-01 -1.314823792636690136e+00 -2.166299060901376095e+01
6.300000000000000044e-01 -1.066296158684391315e+00 -2.212137867959345883e+01
6.400000000000000133e-01 -8.723962190448208975e-01 -1.730032897408126757e+01
6.499999999999999112e-01 -7.202895792027660393e-01 -1.206718343204288324e+01
6.600000000000000311e-01 -6.310525504039632416e-01 -7.164739924269609261e+00
6.700000000000000400e-01 -5.769947807173737564e-01 -4.865165083257854128e+00
6.799999999999999378e-01 -5.337492487388062479e-01 -4.565639204347203162e+00
6.899999999999999467e-01 -4.856819966304297687e-01 -5.152569438389207335e+00
7.000000000000000666e-01 -4.306978599710220568e-01 -5.546928599264750126e+00
7.099999999999999645e-01 -3.747434246451347706e-01 -5.215313352229604682e+00
7.199999999999999734e-01 -3.263915929264299409e-01 -3.789802564365428950e+00
7.299999999999998712e-01 -2.989473733578262293e-01 -1.169190951803146028e+00
7.399999999999999911e-01 -3.030077738903670381e-01 1.852869432012602680e+00
7.500000000000000000e-01 -3.360047619980782718e-01 3.680029922750907012e+00
7.599999999999998979e-01 -3.766083723453851895e-01 3.455540335929781826e+00
7.699999999999999067e-01 -4.051155687166738684e-01 2.117265808041502329e+00
7.800000000000000266e-01 -4.189536885062152272e-01 1.057639000581708233e+00
7.899999999999999245e-01 -4.262683487283080441e-01 2.884742991212000951e-01
7.999999999999999334e-01 -4.247231744886392213e-01 -8.581232676231052015e-01
8.100000000000000533e-01 -4.091058833758459135e-01 -2.232111097352230011e+00
8.199999999999999512e-01 -3.800809525415946299e-01 -2.982177935704572125e+00
8.299999999999999600e-01 -3.494623246617544754e-01 -2.637082836035053113e+00
8.399999999999999689e-01 -3.273392958208935499e-01 -1.563128957104190864e+00
8.499999999999999778e-01 -3.181997455196706737e-01 -6.298971605549932296e-01
8.599999999999999867e-01 -3.147413526097936898e-01 -2.602635949318063413e-01
8.699999999999999956e-01 -3.129944736210345524e-01 -2.832274462156610939e-01
8.799999999999998934e-01 -3.090768036854805167e-01 -7.660604170179621253e-01
8.900000000000000133e-01 -2.976732652806753365e-01 -1.681274499701740366e+00
8.999999999999999112e-01 -2.754513136914457094e-01 -2.777358851941542195e+00
9.099999999999999201e-01 -2.421260882418444782e-01 -3.652348947287114456e+00
9.199999999999999289e-01 -2.024043347457034070e-01 -4.172960701110768333e+00
9.299999999999999378e-01 -1.586668742196291337e-01 -3.996208033750452415e+00
9.399999999999999467e-01 -1.224801740706943642e-01 -2.804896214857058201e+00
9.499999999999999556e-01 -1.025689499224879675e-01 -1.274891971375729183e+00
9.599999999999999645e-01 -9.698233464317977670e-02 3.487286553034852910e-01
9.699999999999999734e-01 -1.095435230285576739e-01 2.992464521120652421e-01
9.799999999999999822e-01 -1.029672636854210843e-01 -1.793650397807725172e+00
9.899999999999998801e-01 -7.367051507240317265e-02 -3.713542231326914411e+00
1.000000000000000000e+00 -2.869641905888280567e-02 -3.945046513261269983e+00
1.010000000000000009e+00 5.230415192822216071e-03 -3.395849411341826940e+00
1.020000000000000018e+00 3.922056916795372411e-02 -3.245790889975241011e+00
1.029999999999999805e+00 7.014623299232702891e-02 -2.752654964928094472e+00
1.040000000000000036e+00 9.427366846651562271e-02 -1.925343583128616753e+00
1.050000000000000044e+00 1.086531046548993573e-01 -9.668172132475965075e-01
1.059999999999999831e+00 1.136100127314675495e-01 -2.721794336498138400e-01
1.069999999999999840e+00 1.140966933278956402e-01 -5.341345088011100611e-02
1.080000000000000071e+00 1.146782817490697715e-01 -5.511508912564019175e-02
1.089999999999999858e+00 1.151989951104084448e-01 2.069337208784052529e-01
1.099999999999999867e+00 1.105396073315016575e-01 9.993174220243338235e-01
1.109999999999999876e+00 9.521264666992176884e-02 2.107239476412683388e+00
1.119999999999999885e+00 6.839481780324799254e-02 3.126620059059024737e+00
1.129999999999999893e+00 3.268024548874128715e-02 3.581545953466656051e+00
1.139999999999999902e+00 -3.236101266085118690e-03 2.815381141565125755e+00
1.149999999999999911e+00 -2.362737734256121352e-02 1.013707255490866821e+00
1.159999999999999920e+00 -2.351024637590245353e-02 -9.733903412585801496e-01
1.169999999999999929e+00 -4.159570517389614246e-03 -1.152803025360673139e+00
1.179999999999999938e+00 -4.541858686889968912e-04 -2.053239622162023603e-01
1.189999999999999947e+00 -5.309127306556736070e-05 -2.270929343444984608e-02
1.199999999999999956e+00 0.000000000000000000e+00 -5.309127306556736883e-03
