0.000000000000000000e+00 3.227969941249219801e+02 7.946174121131549555e+02
1.000000000000000021e-02 3.148508200037904317e+02 7.945935740675511170e+02
2.000000000000000042e-02 3.069051226435709623e+02 7.945935740675535044e+02
2.999999999999999889e-02 2.989589485224393570e+02 7.946174121131549555e+02
4.000000000000000083e-02 2.910127744013078654e+02 7.945935740675511170e+02
4.999999999999999584e-02 2.830670770410883392e+02 7.945935740675511170e+02
5.999999999999999778e-02 2.751209029199568477e+02 7.946174121131525681e+02
6.999999999999999278e-02 2.671747287988252992e+02 7.945935740675511170e+02
8.000000000000000167e-02 2.592290314386058299e+02 7.945935740675511170e+02
8.999999999999999667e-02 2.512828573174742530e+02 7.946174121131525681e+02
9.999999999999999167e-02 2.433366831963427614e+02 7.945935740675487295e+02
1.099999999999999867e-01 2.353909858361232921e+02 7.945935740675511170e+02
1.199999999999999956e-01 2.274448117149917437e+02 7.946174121131549555e+02
1.300000000000000044e-01 2.194986375938601952e+02 7.945935740675511170e+02
1.399999999999999856e-01 2.115529402336407259e+02 7.945935740675499801e+02
1.499999999999999944e-01 2.036067661125092059e+02 7.946174121131525681e+02
1.600000000000000033e-01 1.956605919913776575e+02 7.945935740675511170e+02
1.699999999999999845e-01 1.877148946311581597e+02 7.945935740675511170e+02
1.799999999999999933e-01 1.797687205100266397e+02 7.946174121131525681e+02
1.899999999999999745e-01 1.718225463888951197e+02 7.945935740675511170e+02
1.999999999999999833e-01 1.638768490286756219e+02 7.945935740675511170e+02
2.099999999999999922e-01 1.559306749075441019e+02 7.946174121131562060e+02
2.199999999999999734e-01 1.479845007864124966e+02 7.945935740675511170e+02
2.299999999999999822e-01 1.400388034261930841e+02 7.945935740675499801e+02
2.399999999999999911e-01 1.320926293050615072e+02 7.946174121131549555e+02
2.500000000000000000e-01 1.241464551839299872e+02 7.945935740675511170e+02
2.600000000000000089e-01 1.162007578237104894e+02 7.945935740675511170e+02
2.700000000000000178e-01 1.082545837025789695e+02 7.946174121131525681e+02
2.799999999999999711e-01 1.003084095814474352e+02 7.945935740675511170e+02
2.899999999999999800e-01 9.236271222122795166e+01 7.945935740675511170e+02
2.999999999999999889e-01 8.441653810009641745e+01 7.946174121131531365e+02
3.099999999999999423e-01 7.647036397896488324e+01 7.945935740675504348e+02
3.200000000000000067e-01 6.852466661874541387e+01 7.945935740675523675e+02
3.300000000000000155e-01 6.057849249761383703e+01 7.946174121131549555e+02
3.399999999999999689e-01 5.263231837648231703e+01 7.945935740675496390e+02
3.500000000000000333e-01 4.468662101626284766e+01 7.945935740675499801e+02
3.599999999999999867e-01 3.674044689513132056e+01 7.946174121131527954e+02
3.699999999999999956e-01 2.879427277399979346e+01 9.258142745651808809e+02
3.799999999999999489e-01 1.822416140382770067e+01 9.050998417418489908e+02
3.900000000000000133e-01 1.069227593916281549e+01 4.626787718502556004e+02
3.999999999999999667e-01 8.970585966822591573e+00 1.739694960492898019e+02
4.099999999999999756e-01 7.212886018177020908e+00 1.722601531813027691e+02
4.199999999999999845e-01 5.525382903196535800e+00 1.567016571541873873e+02
4.299999999999999933e-01 4.078852875093272878e+00 1.336214361057200506e+02
4.399999999999999467e-01 2.852954181082135054e+00 1.119475471334617680e+02
4.499999999999999556e-01 1.839901932424038211e+00 9.680228594585128121e+01
4.599999999999999645e-01 9.169084621651094613e-01 8.435575016127340575e+01
4.699999999999999734e-01 1.527869291985701483e-01 7.009819143992299928e+01
4.799999999999999822e-01 -4.850553666333502489e-01 5.979471835382010880e+01
4.899999999999999911e-01 -1.043107437877832000e+00 5.094837695072984474e+01
5.000000000000000000e-01 -1.504022905647947050e+00 4.058785081402059092e+01
5.100000000000000089e-01 -1.854864454158243525e+00 3.210804897046642736e+01
5.200000000000000178e-01 -2.146183885057275642e+00 2.450028481077936604e+01
5.299999999999999156e-01 -2.344870150373830953e+00 1.692248343823448664e+01
5.400000000000000355e-01 -2.484633553821965268e+00 1.025414944136421980e+01
5.499999999999999334e-01 -2.549953139201115437e+00 4.244511946428527693e+00
5.599999999999999423e-01 -2.569523792750536106e+00 -1.482749504572748789e+00
5.699999999999999512e-01 -2.520298149109660546e+00 -6.766843919237152782e+00
5.799999999999999600e-01 -2.434186914365792820e+00 -1.002348577536962182e+01
5.899999999999999689e-01 -2.319828433602268092e+00 -1.387846666803316964e+01
5.999999999999999778e-01 -2.156617581005129569e+00 -1.718183343567435983e+01
6.099999999999999867e-01 -1.976191764888780789e+00 -1.832008334782051051e+01
6.199999999999998845e-01 -1.790215914048719270e+00 -2.012474210439445343e+01
6.300000000000000044e-01 -1.573696922800891684e+00 -2.028153800048637478e+01
6.400000000000000133e-01 -1.384585154038991739e+00 -1.896586350715583436e+01
6.499999999999999112e-01 -1.194379652657775015e+00 -1.877125903891431236e+01
6.600000000000000311e-01 -1.009159973260705723e+00 -1.791898476013473029e+01
6.700000000000000400e-01 -8.359999574550803780e-01 -1.679435393184725811e+01
6.799999999999999378e-01 -6.732728946237604983e-01 -1.568176903050427384e+01
6.899999999999999467e-01 -5.223645768449949323e-01 -1.562254903143899476e+01
7.000000000000000666e-01 -3.608219139949806475e-01 -1.415872218816731198e+01
7.099999999999999645e-01 -2.391901330816487148e-01 -1.235621001344507697e+01
7.199999999999999734e-01 -1.136977137260791471e-01 -1.251843252017830821e+01
7.299999999999998712e-01 1.117851732191742220e-02 -1.146010639700508094e+01
7.399999999999999911e-01 1.155044142140224522e-01 -8.750568976828493106e+00
7.500000000000000000e-01 1.861898968584873026e-01 -6.960845095309847963e+00
7.599999999999998979e-01 2.547213161202193654e-01 -5.915499735157773387e+00
7.699999999999999067e-01 3.044998915616427548e-01 -4.120887431514299593e+00
7.800000000000000266e-01 3.371390647505053684e-01 -2.509114252924807609e+00
7.899999999999999245e-01 3.546821766201389003e-01 -1.611858027144888794e+00
7.999999999999999334e-01 3.693762252934031376e-01 -1.204808472766060401e+00
8.100000000000000533e-01 3.787783460754601261e-01 -9.555133790172690711e-01
8.199999999999999512e-01 3.884864928737485346e-01 -8.120179883630178341e-02
8.299999999999999600e-01 3.804023820521861832e-01 1.882593664778985154e+00
8.399999999999999689e-01 3.508346195781688048e-01 4.798283880433309001e+00
8.499999999999999778e-01 2.844367044435199832e-01 5.415643679315489400e+00
8.599999999999999867e-01 2.425217459918590501e-01 4.974013927150820358e+00
8.699999999999999956e-01 1.849564259005035960e-01 5.815056182753989056e+00
8.799999999999998934e-01 1.262206223367792757e-01 6.792097660472167675e+00
8.900000000000000133e-01 4.911447269106027080e-02 7.092655779350999445e+00
8.999999999999999112e-01 -1.563249325024067271e-02 6.161201622788483157e+00
9.099999999999999201e-01 -7.410955976470938456e-02 5.670001608083919287e+00
9.199999999999999289e-01 -1.290325254119190357e-01 6.112524888064546857e+00
9.299999999999999378e-01 -1.963600575260003034e-01 6.921557964619913683e+00
9.399999999999999467e-01 -2.674636847043173060e-01 6.989246152898614284e+00
9.499999999999999556e-01 -3.361449805839725746e-01 5.371093583486906908e+00
9.599999999999999645e-01 -3.748855563740554064e-01 4.297483708784122669e+00
9.699999999999999734e-01 -4.220946547596550191e-01 4.384638334977384311e+00
9.799999999999999822e-01 -4.625783230736030815e-01 3.906063522687436507e+00
9.899999999999998801e-01 -5.002159252134037448e-01 2.339379560438756389e+00
1.000000000000000000e+00 -5.093659142823782071e-01 7.970733641762525190e-01
1.010000000000000009e+00 -5.161573924969288241e-01 2.644713757874451055e-03
1.020000000000000018e+00 -5.094188085575357405e-01 -7.808732988575289857e-01
1.029999999999999805e+00 -5.005399265197781888e-01 -6.754990717227584707e-01
1.040000000000000036e+00 -4.959088271230805423e-01 -1.018339650257159557e+00
1.050000000000000044e+00 -4.801731335146350310e-01 -1.954894495613898275e+00
1.059999999999999831e+00 -4.568109372108025701e-01 -1.904495390134474553e+00
1.069999999999999840e+00 -4.420832257119455821e-01 -1.551367644799383161e+00
1.080000000000000071e+00 -4.257835843148149446e-01 -2.238236493209492473e+00
1.089999999999999858e+00 -3.973184958477556927e-01 -4.195486068161758730e+00
1.099999999999999867e+00 -3.418738629515797323e-01 -5.135292925643221373e+00
1.109999999999999876e+00 -2.946126373348912919e-01 -5.166270931148057244e+00
1.119999999999999885e+00 -2.385484443286186307e-01 -5.589959329516260844e+00
1.129999999999999893e+00 -1.828134507445661194e-01 -5.181861656697733132e+00
1.139999999999999902e+00 -1.349112111946639825e-01 -4.833918158481988137e+00
1.149999999999999911e+00 -8.613508757492635559e-02 -4.446991441207449824e+00
1.159999999999999920e+00 -4.597138237051497101e-02 -4.221780413919018038e+00
1.169999999999999929e+00 -1.699479296545995275e-03 -2.322524886044512016e+00
1.179999999999999938e+00 4.791153503752601734e-04 -8.726105821909828364e-02
1.189999999999999947e+00 4.574186783597014773e-05 2.395576751876301105e-02
1.199999999999999956e+00 0.000000000000000000e+00 4.574186783597015450e-03
