0.000000000000000000e+00 6.643773600000000670e+02 1.365385640000000194e+03
1.000000200000000089e-02 6.231440400000000182e+02 6.881355066666667881e+03
1.999999800000000147e-02 5.267488640000000260e+02 8.274138933333335444e+03
2.999999999999999889e-02 4.576626560000000268e+02 6.455821346666668433e+03
4.000000199999999978e-02 3.976335528000000181e+02 5.609063426666667510e+03
4.999999799999999689e-02 3.454795744000000468e+02 4.873376760000001013e+03
5.999999999999999778e-02 3.001660176000000320e+02 4.234180106666667598e+03
7.000000199999999173e-02 2.607958328000000279e+02 3.678816866666667465e+03
7.999999800000000272e-02 2.265895408000000373e+02 3.196297066666667433e+03
8.999999999999999667e-02 1.968697520000000054e+02 2.777067240000000311e+03
1.000000019999999906e-01 1.710481960000000186e+02 2.412829120000000330e+03
1.099999979999999877e-01 1.486131696000000204e+02 2.096358333333333576e+03
1.199999999999999956e-01 1.291211688000000208e+02 1.821399800000000141e+03
1.300000020000000034e-01 1.121855920000000140e+02 1.582500373333333755e+03
1.399999979999999866e-01 9.747088240000002202e+01 1.374939106666666930e+03
1.499999999999999944e-01 8.468667040000001123e+01 1.194601733333333414e+03
1.600000020000000023e-01 7.357898720000001447e+01 1.037917906666667022e+03
1.699999979999999855e-01 6.392817280000000579e+01 9.017775200000002087e+02
1.799999999999999933e-01 5.554343680000000916e+01 7.835028133333333926e+02
1.900000019999999734e-01 4.825825600000001003e+01 6.807374973333335220e+02
1.999999979999999844e-01 4.192870080000000854e+01 5.914509373333333997e+02
2.099999999999999922e-01 3.642925120000000305e+01 5.138753933333333634e+02
2.200000019999999723e-01 3.165116504000000219e+01 4.464753373333334139e+02
2.299999980000000110e-01 2.749975840000000460e+01 3.879146786666667595e+02
2.399999999999999911e-01 2.389285752000000329e+01 3.370358440000001110e+02
2.500000019999999989e-01 2.075904152000000025e+01 2.928297920000000545e+02
2.599999980000000099e-01 1.803626168000000263e+01 2.544220666666667228e+02
2.700000000000000178e-01 1.567062808000000018e+01 2.210518773333333513e+02
2.800000019999999701e-01 1.361523808000000280e+01 1.920581520000000353e+02
2.899999979999999811e-01 1.182946504000000054e+01 1.668676826666666955e+02
2.999999999999999889e-01 1.027787048000000070e+01 1.449811786666666933e+02
3.100000019999999967e-01 8.929827520000001684e+00 1.259648986666666985e+02
3.199999980000000077e-01 7.758600400000001507e+00 1.094436773333333548e+02
3.300000000000000155e-01 6.740967920000001001e+00 9.508907066666667163e+01
3.400000020000000234e-01 5.856805040000001128e+00 8.261656666666668514e+01
3.499999979999999788e-01 5.088622640000000530e+00 7.178070400000001428e+01
3.599999999999999867e-01 4.421190960000000558e+00 6.236586720000001094e+01
3.700000019999999945e-01 3.841301112000000462e+00 5.418586826666668088e+01
3.799999980000000055e-01 3.337472200000000555e+00 4.707878640000001269e+01
3.900000000000000133e-01 2.899725384000000350e+00 4.090389973333333984e+01
4.000000020000000212e-01 2.519395600000000179e+00 3.553889600000000826e+01
4.099999979999999766e-01 2.188947463999999954e+00 3.087757133333333925e+01
4.199999999999999845e-01 1.901845568000000153e+00 2.675465773333333885e+01
4.300000019999999368e-01 1.653855704000000149e+00 2.346526666666667182e+01
4.399999980000000033e-01 1.432538840000000091e+00 2.108924280000000451e+01
4.499999999999999556e-01 1.232070847999999996e+00 1.899103653333333597e+01
4.600000019999999634e-01 1.052719504000000139e+00 1.678139640000000554e+01
4.699999980000000299e-01 8.964429200000000320e-01 1.497397813333333438e+01
4.799999999999999822e-01 7.532371520000001874e-01 1.396626173333333476e+01
4.900000019999999901e-01 6.171190800000000420e-01 1.325240160000000245e+01
4.999999979999999455e-01 4.881891200000000874e-01 1.244244893333333657e+01
5.100000000000000089e-01 3.682685672000000632e-01 1.151136946666666816e+01
5.200000019999999612e-01 2.579632648000000361e-01 1.056327506666666771e+01
5.299999979999999722e-01 1.570033448000000276e-01 9.635054666666668766e+00
5.400000000000000355e-01 6.526245040000000497e-02 8.718688933333336166e+00
5.500000019999999878e-01 -1.737041992000000132e-02 7.826799600000001966e+00
5.599999979999999988e-01 -9.127312320000001422e-02 6.981143466666668296e+00
5.699999999999999512e-01 -1.569937216000000246e-01 6.192724453333334544e+00
5.800000019999999035e-01 -2.151274728000000525e-01 5.456696093333334829e+00
5.899999980000000255e-01 -2.661279224000000498e-01 4.762249720000000686e+00
5.999999999999999778e-01 -3.103724672000000573e-01 4.097670133333333631e+00
6.100000019999999301e-01 -3.480811856000000093e-01 3.453996600000000861e+00
6.199999980000000521e-01 -3.794523992000000123e-01 2.832407613333333796e+00
6.300000000000000044e-01 -4.047291984000000453e-01 2.247728480000000584e+00
6.400000019999999568e-01 -4.244082240000000006e-01 1.717845800000000311e+00
6.499999980000000788e-01 -4.390856960000000253e-01 1.249035573333333593e+00
6.600000000000000311e-01 -4.493867040000000812e-01 8.353425733333335046e-01
6.700000019999999834e-01 -4.557924080000000377e-01 4.686930746666667646e-01
6.799999979999998834e-01 -4.587630480000000621e-01 1.478548893333333503e-01
6.899999999999999467e-01 -4.587504960000000631e-01 -1.262954346666666783e-01
7.000000019999998990e-01 -4.562359120000000767e-01 -3.595401853333333730e-01
7.099999979999999100e-01 -4.515582000000000762e-01 -5.664243413333334143e-01
7.199999999999999734e-01 -4.449056400000000466e-01 -7.589845733333335787e-01
7.300000019999999257e-01 -4.363786480000000356e-01 -9.389174933333336304e-01
7.399999979999999367e-01 -4.261278480000000313e-01 -1.098857866666666849e+00
7.500000000000000000e-01 -4.144026064000000953e-01 -1.229879826666666842e+00
7.600000019999999523e-01 -4.015313672000000444e-01 -1.325832893333333651e+00
7.699999979999999633e-01 -3.878856696000000381e-01 -1.386340506666666972e+00
7.800000000000000266e-01 -3.738048360000000292e-01 -1.420928240000000065e+00
7.900000019999999790e-01 -3.594675232000000276e-01 -1.450927520000000248e+00
7.999999979999999900e-01 -3.447862856000000198e-01 -1.500396346666666769e+00
8.100000000000000533e-01 -3.294594568000000501e-01 -1.578420973333333643e+00
8.200000020000000056e-01 -3.132175872000000361e-01 -1.669290480000000132e+00
8.299999979999999056e-01 -2.960736472000000119e-01 -1.742287333333333743e+00
8.399999999999999689e-01 -2.783719800000000744e-01 -1.773032760000000430e+00
8.500000019999999212e-01 -2.606129920000000433e-01 -1.756659373333333551e+00
8.599999979999999322e-01 -2.432389320000000188e-01 -1.703829400000000494e+00
8.699999999999999956e-01 -2.265364040000000245e-01 -1.631348573333333718e+00
8.800000019999999479e-01 -2.106116816000000169e-01 -1.555820400000000436e+00
8.899999979999999589e-01 -1.954199960000000402e-01 -1.487356213333333566e+00
8.999999999999999112e-01 -1.808646968000000299e-01 -1.424045320000000059e+00
9.100000019999999745e-01 -1.669390896000000346e-01 -1.356989746666666941e+00
9.199999979999999855e-01 -1.537247624000000201e-01 -1.280290053333333455e+00
9.299999999999999378e-01 -1.413334280000000109e-01 -1.194469240000000099e+00
9.400000020000000012e-01 -1.298353775999999959e-01 -1.103160413333333700e+00
9.499999980000000122e-01 -1.192699408000000016e-01 -1.010038520000000384e+00
9.599999999999999645e-01 -1.096346072000000255e-01 -9.174605466666667652e-01
9.700000020000000278e-01 -1.009205904000000098e-01 -8.265910400000001657e-01
9.799999979999999278e-01 -9.310278640000001216e-02 -7.397939600000001947e-01
9.899999999999998801e-01 -8.612471120000000924e-02 -6.607735413333334362e-01
1.000000001999999943e+00 -7.988720400000000332e-02 -5.910046440000000789e-01
1.009999997999999843e+00 -7.430491120000000393e-02 -5.288840986666667465e-01
1.020000000000000018e+00 -6.930963360000000351e-02 -4.740374373333334224e-01
1.030000001999999970e+00 -6.482396719999999890e-02 -4.283544333333334508e-01
1.039999997999999870e+00 -6.074247520000000677e-02 -3.926460853333333945e-01
1.050000000000000044e+00 -5.697101760000000681e-02 -3.654242840000000991e-01
1.060000001999999997e+00 -5.343386400000000452e-02 -3.445496106666667280e-01
1.069999997999999897e+00 -5.007996960000000303e-02 -3.285995053333333749e-01
1.080000000000000071e+00 -4.686205520000000929e-02 -3.185460506666667468e-01
1.090000002000000023e+00 -4.370941120000000624e-02 -3.170900186666667508e-01
1.099999997999999923e+00 -4.052019904000000311e-02 -3.236324000000000978e-01
1.110000000000000098e+00 -3.723659584000000439e-02 -3.320178333333334009e-01
1.120000002000000050e+00 -3.387985632000000552e-02 -3.296287693333334046e-01
1.129999997999999950e+00 -3.064403440000000242e-02 -3.474832920000000547e-01
1.139999999999999902e+00 -2.693019048000000124e-02 -4.213748240000000367e-01
1.150000001999999855e+00 -2.221653792000000474e-02 -7.154151866666668136e-01
1.159999997999999977e+00 -1.262183096000000192e-02 -9.281855333333335345e-01
1.169999999999999929e+00 -3.652774256000000403e-03 -6.758108373333334695e-01
1.180000001999999881e+00 8.943760240000000160e-04 -1.860262186666667150e-01
1.189999998000000003e+00 6.775067520000001677e-05 4.471887093333334201e-02
1.199999999999999956e+00 0.000000000000000000e+00 -3.116877773333333670e-02
