0.000000000000000000e+00 7.182630960000001608e+01 2.174682813333334082e+02
1.000000000000000021e-02 6.965146640000000389e+01 2.174682813333334082e+02
2.000000000000000042e-02 6.747704160000000684e+01 2.174682813333334082e+02
2.999999999999999889e-02 6.530219840000000886e+01 2.174682813333334082e+02
4.000000000000000083e-02 6.312735520000000378e+01 2.174682813333334082e+02
4.999999999999999584e-02 6.095293040000001383e+01 2.174682813333334082e+02
5.999999999999999778e-02 5.877808720000000875e+01 2.174682813333334082e+02
6.999999999999999278e-02 5.660366240000000460e+01 2.174682813333334082e+02
8.000000000000000167e-02 5.442881920000000662e+01 2.174682813333334082e+02
8.999999999999999667e-02 5.225397600000000864e+01 2.174682813333334082e+02
9.999999999999999167e-02 5.007955120000000448e+01 2.174682813333334082e+02
1.099999999999999867e-01 4.790470800000000651e+01 2.174682813333334082e+02
1.199999999999999956e-01 4.572986480000000142e+01 2.174682813333334082e+02
1.300000000000000044e-01 4.355544000000000437e+01 2.174682813333334082e+02
1.399999999999999856e-01 4.138063864000000791e+01 2.174682813333334082e+02
1.499999999999999944e-01 3.920596280000000178e+01 2.174682813333334082e+02
1.600000000000000033e-01 3.703128696000000275e+01 2.174682813333334082e+02
1.699999999999999845e-01 3.485661112000000372e+01 2.174682813333334082e+02
1.799999999999999933e-01 3.268189344000000318e+01 2.174682813333334082e+02
1.899999999999999745e-01 3.050721760000000415e+01 2.174682813333334082e+02
1.999999999999999833e-01 2.833254176000000157e+01 2.174682813333334082e+02
2.099999999999999922e-01 2.615786592000000255e+01 2.174682813333334082e+02
2.199999999999999734e-01 2.398319008000000352e+01 2.174682813333334082e+02
2.299999999999999822e-01 2.180847240000000298e+01 2.174682813333334082e+02
2.399999999999999911e-01 1.963379656000000040e+01 2.174682813333334082e+02
2.500000000000000000e-01 1.745912072000000137e+01 2.174682813333334082e+02
2.600000000000000089e-01 1.528444488000000234e+01 2.174682813333334082e+02
2.700000000000000178e-01 1.310972720000000002e+01 2.174682813333334082e+02
2.799999999999999711e-01 1.093505136000000100e+01 2.174682813333334082e+02
2.899999999999999800e-01 8.760375520000000193e+00 2.174682813333334082e+02
2.999999999999999889e-01 6.585699680000000278e+00 1.822348173333333818e+02
3.099999999999999423e-01 5.115693120000001315e+00 1.317715933333333567e+02
3.200000000000000067e-01 3.950260840000000329e+00 1.068670306666666932e+02
3.300000000000000155e-01 2.978334376000000283e+00 8.944903866666668080e+01
3.399999999999999689e-01 2.161274488000000105e+00 7.482805066666668381e+01
3.500000000000000333e-01 1.481776152000000124e+00 6.165640026666667950e+01
3.599999999999999867e-01 9.281450880000000625e-01 4.967656226666667152e+01
3.699999999999999956e-01 4.882476960000001198e-01 3.894746133333333660e+01
3.799999999999999489e-01 1.491968376000000207e-01 2.958771386666667169e+01
3.900000000000000133e-01 -1.035079760000000154e-01 2.172019000000000588e+01
3.999999999999999667e-01 -2.852077992000000561e-01 1.534112413333333613e+01
4.099999999999999756e-01 -4.103299008000000359e-01 1.030163560000000267e+01
4.199999999999999845e-01 -4.912392560000000685e-01 6.368996373333334127e+00
4.299999999999999933e-01 -5.377109440000000795e-01 3.347569586666667263e+00
4.399999999999999467e-01 -5.581916239999999974e-01 1.066125040000000190e+00
4.499999999999999556e-01 -5.590326080000000974e-01 -5.759011013333333873e-01
4.599999999999999645e-01 -5.466730720000001487e-01 -1.621655640000000398e+00
4.699999999999999734e-01 -5.265982399999999952e-01 -2.144634720000000438e+00
4.799999999999999822e-01 -5.037828880000000398e-01 -2.271918973333333813e+00
4.899999999999999911e-01 -4.811600000000000321e-01 -2.126113546666667187e+00
5.000000000000000000e-01 -4.612608960000000868e-01 -1.807243933333333663e+00
5.100000000000000089e-01 -4.450144240000000195e-01 -1.377226360000000316e+00
5.200000000000000178e-01 -4.337134400000000611e-01 -8.773638800000002069e-01
5.299999999999999156e-01 -4.274709120000000362e-01 -3.659689013333333740e-01
5.400000000000000355e-01 -4.263956240000000286e-01 9.574944533333336338e-02
5.499999999999999334e-01 -4.293830000000000702e-01 4.457466240000000912e-01
5.599999999999999423e-01 -4.353117280000000089e-01 6.131421880000000879e-01
5.699999999999999512e-01 -4.416463040000001006e-01 5.467700013333334219e-01
5.799999999999999600e-01 -4.462445200000000889e-01 2.765247440000000445e-01
5.899999999999999689e-01 -4.471775520000000892e-01 -1.047499266666666734e-01
5.999999999999999778e-01 -4.441525200000000506e-01 -4.522485600000000772e-01
6.099999999999999867e-01 -4.381317440000001007e-01 -6.742585733333334996e-01
6.199999999999998845e-01 -4.306674880000000427e-01 -8.686332666666667368e-01
6.300000000000000044e-01 -4.207597760000000853e-01 -1.315923786666667095e+00
6.400000000000000133e-01 -4.043467808000000829e-01 -2.263397560000000475e+00
6.499999999999999112e-01 -3.754914064000000051e-01 -3.681968813333334367e+00
6.600000000000000311e-01 -3.307075440000000199e-01 -5.232461586666667053e+00
6.700000000000000400e-01 -2.708420352000000531e-01 -6.444942946666667893e+00
6.799999999999999378e-01 -2.018089640000000351e-01 -6.914541160000001518e+00
6.899999999999999467e-01 -1.325512120000000293e-01 -6.476155586666667574e+00
7.000000000000000666e-01 -7.228571280000001265e-02 -5.311239333333334756e+00
7.099999999999999645e-01 -2.632656480000000396e-02 -3.829141013333333898e+00
7.199999999999999734e-01 4.297135360000000834e-03 -2.407633986666667170e+00
7.299999999999998712e-01 2.182617072000000297e-02 -1.255311573333333541e+00
7.399999999999999911e-01 2.940335288000000061e-02 -3.937499640000000634e-01
7.500000000000000000e-01 2.970117000000000243e-02 2.457179520000000450e-01
7.599999999999998979e-01 2.448899384000000415e-02 6.765032893333334796e-01
7.699999999999999067e-01 1.617111816000000105e-02 8.488847866666668907e-01
7.800000000000000266e-01 7.511284160000001112e-03 7.861387333333335059e-01
7.899999999999999245e-01 4.483239680000000726e-04 6.136359000000001229e-01
7.999999999999999334e-01 -4.761433840000000792e-03 4.701247000000000620e-01
8.100000000000000533e-01 -8.954178400000000274e-03 4.153414960000000877e-01
8.199999999999999512e-01 -1.306826376000000053e-02 4.327050960000000668e-01
8.299999999999999600e-01 -1.760828032000000265e-02 4.842938160000000436e-01
8.399999999999999689e-01 -2.275414008000000224e-02 5.397708666666667376e-01
8.499999999999999778e-01 -2.840371160000000270e-02 5.671753693333334567e-01
8.599999999999999867e-01 -3.409763352000000358e-02 5.285779693333334528e-01
8.699999999999999956e-01 -3.897525704000000257e-02 4.179209320000000782e-01
8.799999999999998934e-01 -4.245588480000000997e-02 2.719209493333333838e-01
8.900000000000000133e-01 -4.441357840000000057e-02 1.405789133333333607e-01
8.999999999999999112e-01 -4.526753280000000296e-02 4.563914173333333962e-02
9.099999999999999201e-01 -4.532652720000000801e-02 -2.100437733333333779e-02
9.199999999999999289e-01 -4.484745920000000885e-02 -8.296383866666667828e-02
9.299999999999999378e-01 -4.366715280000000449e-02 -1.604780173333333615e-01
9.399999999999999467e-01 -4.163799648000000159e-02 -2.511550600000000411e-01
9.499999999999999556e-01 -3.864409344000000607e-02 -3.320757120000000784e-01
9.599999999999999645e-01 -3.499648224000000141e-02 -3.900115600000000349e-01
9.699999999999999734e-01 -3.084386224000000218e-02 -4.278711813333334057e-01
9.799999999999999822e-01 -2.643907256000000219e-02 -4.497109640000000463e-01
9.899999999999998801e-01 -2.184964296000000208e-02 -4.623863920000000349e-01
1.000000000000000000e+00 -1.719134472000000136e-02 -4.706135306666667795e-01
1.010000000000000009e+00 -1.243735840000000092e-02 -4.704531440000000453e-01
1.020000000000000018e+00 -7.782281840000001248e-03 -4.462152320000000727e-01
1.029999999999999805e+00 -3.513062128000000311e-03 -3.896970626666667048e-01
1.040000000000000036e+00 1.165135216000000090e-05 -3.054905760000000692e-01
1.050000000000000044e+00 2.596745208000000166e-03 -2.075312813333333728e-01
1.059999999999999831e+00 4.162272488000000499e-03 -1.111263426666666831e-01
1.069999999999999840e+00 4.819256720000000653e-03 -3.071021133333334124e-02
1.080000000000000071e+00 4.776496240000000643e-03 2.670026573333333930e-02
1.089999999999999858e+00 4.285252800000000084e-03 5.831896293333334313e-02
1.099999999999999867e+00 3.610097456000000392e-03 6.734538506666667979e-02
1.109999999999999876e+00 2.938352072000000124e-03 6.262604226666668161e-02
1.119999999999999885e+00 2.357579400000000408e-03 5.353323400000001286e-02
1.129999999999999893e+00 1.867687392000000205e-03 4.446748226666667747e-02
1.139999999999999902e+00 1.468228360000000104e-03 3.617081946666667047e-02
1.149999999999999911e+00 1.144273791999999993e-03 2.866040000000000254e-02
1.159999999999999920e+00 8.950203600000000313e-04 6.230199146666667853e-02
1.169999999999999929e+00 -1.017674320000000118e-04 4.614456893333334503e-02
1.179999999999999938e+00 -2.787142312000000645e-05 -4.963137506666667233e-03
1.189999999999999947e+00 -2.504772520000000408e-06 -1.393571853333333381e-03
1.199999999999999956e+00 0.000000000000000000e+00 -2.504772520000000577e-04
