0.000000000000000000e+00 1.443699457273774271e+02 3.579447659288007912e+02
1.000000000000000021e-02 1.407904980680894198e+02 3.579447659287984038e+02
2.000000000000000042e-02 1.372110504088014409e+02 3.579447659287972101e+02
2.999999999999999889e-02 1.336316027495134620e+02 3.579447659287972101e+02
4.000000000000000083e-02 1.300521550902255115e+02 3.579447659287984038e+02
4.999999999999999584e-02 1.264727074309375041e+02 3.579447659287984038e+02
5.999999999999999778e-02 1.228932597716495394e+02 3.579447659287972101e+02
6.999999999999999278e-02 1.193138121123615605e+02 3.579447659287972101e+02
8.000000000000000167e-02 1.157343644530735958e+02 3.579447659287984038e+02
8.999999999999999667e-02 1.121549167937855884e+02 3.579447659287984038e+02
9.999999999999999167e-02 1.085754691344976379e+02 3.579447659287978354e+02
1.099999999999999867e-01 1.049960214752096306e+02 3.579447659287990291e+02
1.199999999999999956e-01 1.014165738159216517e+02 3.579447659287978354e+02
1.300000000000000044e-01 9.783712615663368695e+01 3.579447659287978354e+02
1.399999999999999856e-01 9.425767849734569381e+01 3.579447659287978354e+02
1.499999999999999944e-01 9.067823083805772910e+01 3.579447659287978354e+02
1.600000000000000033e-01 8.709878317876973597e+01 3.579447659287984038e+02
1.699999999999999845e-01 8.351933551948175705e+01 3.579447659287978354e+02
1.799999999999999933e-01 7.993988786019379233e+01 3.579447659287978354e+02
1.899999999999999745e-01 7.636044020090579920e+01 3.579447659287978354e+02
1.999999999999999833e-01 7.278099254161783449e+01 3.579447659287978354e+02
2.099999999999999922e-01 6.920154488232984136e+01 3.579447659287978354e+02
2.199999999999999734e-01 6.562209722304187665e+01 3.579447659287978354e+02
2.299999999999999822e-01 6.204264956375389062e+01 3.579447659287990291e+02
2.399999999999999911e-01 5.846320190446589748e+01 3.579447659287984038e+02
2.500000000000000000e-01 5.488375424517792567e+01 3.579447659287978354e+02
2.600000000000000089e-01 5.130430658588993964e+01 3.579447659287980628e+02
2.700000000000000178e-01 4.772485892660196072e+01 3.579447659287978354e+02
2.799999999999999711e-01 4.414541126731398890e+01 3.579447659287980628e+02
2.899999999999999800e-01 4.056596360802600287e+01 3.579447659287980628e+02
2.999999999999999889e-01 3.698651594873802395e+01 3.579447659287972101e+02
3.099999999999999423e-01 3.340706828945005924e+01 3.579447659287978354e+02
3.200000000000000067e-01 2.982762063016206966e+01 3.579447659287990859e+02
3.300000000000000155e-01 2.624817297087407653e+01 3.579447659287978922e+02
3.399999999999999689e-01 2.266872531158611181e+01 3.579447659287978922e+02
3.500000000000000333e-01 1.908927765229811868e+01 3.579447659287978922e+02
3.599999999999999867e-01 1.550982999301015397e+01 3.579447659287978922e+02
3.699999999999999956e-01 1.193038233372216261e+01 3.137119452470863052e+02
3.799999999999999489e-01 9.235591088068426657e+00 2.429997556258110762e+02
3.900000000000000133e-01 7.070387221205940875e+00 1.963389996905175110e+02
3.999999999999999667e-01 5.308811094258076402e+00 1.599062406786423196e+02
4.099999999999999756e-01 3.872262407633094927e+00 1.302703779401367115e+02
4.199999999999999845e-01 2.703403535455342510e+00 1.057169260227934302e+02
4.299999999999999933e-01 1.757923887177226252e+00 8.520305078757071726e+01
4.399999999999999467e-01 9.993425197039285113e-01 6.805035440873558628e+01
4.499999999999999556e-01 3.969167990025148640e-01 5.378041960146719447e+01
4.599999999999999645e-01 -7.626587232541540140e-02 4.201495135722887397e+01
4.699999999999999734e-01 -4.433822281420625178e-01 3.241949975268110506e+01
4.799999999999999822e-01 -7.246558673790375327e-01 2.470404671522034334e+01
4.899999999999999911e-01 -9.374631624464693225e-01 1.859225113401841512e+01
5.000000000000000000e-01 -1.096500890059405764e+00 1.378858951979285763e+01
5.100000000000000089e-01 -1.213234952842326519e+00 9.997860411482287546e+00
5.200000000000000178e-01 -1.296458098289051675e+00 6.951136117661960157e+00
5.299999999999999156e-01 -1.352257675195565723e+00 4.408598470811726955e+00
5.400000000000000355e-01 -1.384630067705286072e+00 2.176139945997350722e+00
5.499999999999999334e-01 -1.395780474115512648e+00 1.516912214555923566e-01
5.599999999999999423e-01 -1.387663892134398003e+00 -1.648929687677221034e+00
5.699999999999999512e-01 -1.362801880361968365e+00 -3.136412350775959368e+00
5.799999999999999600e-01 -1.324935645118878735e+00 -4.262061668073757303e+00
5.899999999999999689e-01 -1.277560647000493210e+00 -5.062568168768108556e+00
5.999999999999999778e-01 -1.223684281743516511e+00 -5.653758111357490179e+00
6.099999999999999867e-01 -1.164485484773343238e+00 -6.155625330198776446e+00
6.199999999999998845e-01 -1.100571775139541186e+00 -6.606113744795168330e+00
6.300000000000000044e-01 -1.032363209877440013e+00 -6.953422894710831414e+00
6.400000000000000133e-01 -9.615033172453244514e-01 -7.133138754585294450e+00
6.499999999999999112e-01 -8.897004347857341289e-01 -7.110932749937018293e+00
6.600000000000000311e-01 -8.192846622465841389e-01 -6.907962891431655983e+00
6.700000000000000400e-01 -7.515411769571009870e-01 -6.605690183654565395e+00
6.799999999999999378e-01 -6.871708585734928043e-01 -6.284242137406090833e+00
6.899999999999999467e-01 -6.258563342089792370e-01 -5.970563326911779711e+00
7.000000000000000666e-01 -5.677595920352572767e-01 -5.654899918406287362e+00
7.099999999999999645e-01 -5.127583358408535075e-01 -5.343828342645211116e+00
7.199999999999999734e-01 -4.608830251823530788e-01 -5.046275913615740016e+00
7.299999999999998712e-01 -4.118328175685386783e-01 -4.754204246257983435e+00
7.399999999999999911e-01 -3.657989402571933946e-01 -4.438375009620282086e+00
7.500000000000000000e-01 -3.230653173761330321e-01 -4.075779333941603966e+00
7.599999999999998979e-01 -2.842833535783613197e-01 -3.640887401372639776e+00
7.699999999999999067e-01 -2.502475693486802544e-01 -3.132163341486790209e+00
7.800000000000000266e-01 -2.216400867486255366e-01 -2.577399045870595540e+00
7.899999999999999245e-01 -1.986995884312683647e-01 -2.035446376166799798e+00
7.999999999999999334e-01 -1.809311592252895451e-01 -1.581336065489364673e+00
8.100000000000000533e-01 -1.670728671214810890e-01 -1.269783915701953925e+00
8.199999999999999512e-01 -1.555354809112504677e-01 -1.095748462084950026e+00
8.299999999999999600e-01 -1.451578978797820885e-01 -1.002514859648267587e+00
8.399999999999999689e-01 -1.354851837182851071e-01 -9.276452384819506847e-01
8.499999999999999778e-01 -1.266049931101430603e-01 -8.350457723502247021e-01
8.599999999999999867e-01 -1.187842682712806214e-01 -7.238688536881063840e-01
8.699999999999999956e-01 -1.121276160363809393e-01 -6.204058164835168920e-01
8.799999999999998934e-01 -1.063761519416102780e-01 -5.590710611175201405e-01
8.900000000000000133e-01 -1.009461948140305404e-01 -5.544958065171122774e-01
8.999999999999999112e-01 -9.528623581126803577e-02 -6.023155930409787029e-01
9.099999999999999201e-01 -8.889988295321096801e-02 -6.821698287001187744e-01
9.199999999999999289e-01 -8.164283923726566028e-02 -7.604493255326759682e-01
9.299999999999999378e-01 -7.369089644255745475e-02 -8.027429762089587362e-01
9.399999999999999467e-01 -6.558797971308648334e-02 -7.849555117233950607e-01
9.499999999999999556e-01 -5.799178620808954909e-02 -7.137876040399543376e-01
9.599999999999999645e-01 -5.131222763228740491e-02 -6.256174743738777133e-01
9.699999999999999734e-01 -4.547943672061199871e-02 -5.523880606845209540e-01
9.799999999999999822e-01 -4.026446641859698916e-02 -4.988920401435045227e-01
9.899999999999998801e-01 -3.550159591774191409e-02 -4.586464369680589570e-01
1.000000000000000000e+00 -3.109153767923581238e-02 -4.205347334662784542e-01
1.010000000000000009e+00 -2.709090124841634362e-02 -3.768841591017177972e-01
1.020000000000000018e+00 -2.355385449720145616e-02 -3.297331049008144777e-01
1.029999999999999805e+00 -2.049623915040005295e-02 -2.884187782067319517e-01
1.040000000000000036e+00 -1.778547893306681865e-02 -2.551654756244980393e-01
1.050000000000000044e+00 -1.539292963791009244e-02 -2.236806611756043395e-01
1.059999999999999831e+00 -1.331186570955473179e-02 -1.875078107146543327e-01
1.069999999999999840e+00 -1.164277342361700641e-02 -1.477726759826279712e-01
1.080000000000000071e+00 -1.035641218990217272e-02 -1.155012529687652334e-01
1.089999999999999858e+00 -9.332748364241702857e-03 -1.033541897788189667e-01
1.099999999999999867e+00 -8.289328394325792826e-03 -1.136207633087691765e-01
1.109999999999999876e+00 -7.060333098066318321e-03 -1.319416927348077140e-01
1.119999999999999885e+00 -5.650494539629639414e-03 -1.374989579061193512e-01
1.129999999999999893e+00 -4.310353939943931990e-03 -1.217349205537651691e-01
1.139999999999999902e+00 -3.215796128554336379e-03 -9.362937132013859909e-02
1.149999999999999911e+00 -2.437766513541160182e-03 -6.593840146968868443e-02
1.159999999999999920e+00 -1.897028099160562612e-03 -1.297585320855355884e-01
1.169999999999999929e+00 1.574041281695516450e-04 -9.904938792545064929e-02
1.179999999999999938e+00 8.395965934845011974e-05 7.583732996865899870e-03
1.189999999999999947e+00 5.729468232233664955e-06 4.197982967422506963e-03
1.199999999999999956e+00 0.000000000000000000e+00 5.729468232233666039e-04
