0.000000000000000000e+00 8.727158560299012890e+01 1.898025725436970106e+02
1.000000000000000021e-02 8.537355987755316278e+01 1.898025725436964137e+02
2.000000000000000042e-02 8.347553415211621086e+01 1.898025725436958169e+02
2.999999999999999889e-02 8.157750842667924474e+01 1.898025725436964137e+02
4.000000000000000083e-02 7.967948270124227861e+01 1.898025725436970106e+02
4.999999999999999584e-02 7.778145697580531248e+01 1.898025725436964137e+02
5.999999999999999778e-02 7.588343125036834635e+01 1.898025725436964137e+02
6.999999999999999278e-02 7.398540552493138023e+01 1.898025725436964137e+02
8.000000000000000167e-02 7.208737979949442831e+01 1.898025725436964137e+02
8.999999999999999667e-02 7.018935407405744797e+01 1.898025725436958169e+02
9.999999999999999167e-02 6.829132834862051027e+01 1.898025725436958169e+02
1.099999999999999867e-01 6.639330262318352993e+01 1.898025725436970106e+02
1.199999999999999956e-01 6.449527689774656380e+01 1.898025725436970106e+02
1.300000000000000044e-01 6.259725117230959768e+01 1.898025725436964137e+02
1.399999999999999856e-01 6.069922544687263866e+01 1.898025725436958169e+02
1.499999999999999944e-01 5.880119972143567963e+01 1.898025725436964137e+02
1.600000000000000033e-01 5.690317399599871351e+01 1.898025725436970106e+02
1.699999999999999845e-01 5.500514827056174028e+01 1.898025725436964137e+02
1.799999999999999933e-01 5.310712254512478125e+01 1.898025725436961295e+02
1.899999999999999745e-01 5.120909681968782223e+01 1.898025725436964137e+02
1.999999999999999833e-01 4.931107109425085611e+01 1.898025725436961295e+02
2.099999999999999922e-01 4.741304536881389708e+01 1.898025725436964137e+02
2.199999999999999734e-01 4.551501964337692385e+01 1.898025725436964137e+02
2.299999999999999822e-01 4.361699391793997194e+01 1.898025725436964137e+02
2.399999999999999911e-01 4.171896819250299870e+01 1.898025725436970106e+02
2.500000000000000000e-01 3.982094246706603258e+01 1.898025725436964137e+02
2.600000000000000089e-01 3.792291674162907356e+01 1.898025725436961295e+02
2.700000000000000178e-01 3.602489101619210743e+01 1.898025725436964137e+02
2.799999999999999711e-01 3.412686529075514130e+01 1.898025725436964137e+02
2.899999999999999800e-01 3.222883956531818228e+01 1.898025725436964137e+02
2.999999999999999889e-01 3.033081383988121615e+01 1.898025725436961295e+02
3.099999999999999423e-01 2.843278811444425713e+01 -1.192644355985121791e+02
3.200000000000000067e-01 3.271610255185145633e+01 1.226489663759610380e+02
3.300000000000000155e-01 2.597980878692503737e+01 6.256311475382175331e+02
3.399999999999999689e-01 2.020347960108711050e+01 5.280928674990772151e+02
3.500000000000000333e-01 1.541795143694349335e+01 4.140172154096569557e+02
3.599999999999999867e-01 1.192313529289397067e+01 3.157797726874802038e+02
3.699999999999999956e-01 9.102355983193890054e+00 2.527137207140773967e+02
3.799999999999999489e-01 6.868860878612422560e+00 2.063721731294425012e+02
3.900000000000000133e-01 4.974912520605040633e+00 1.763244054289018550e+02
3.999999999999999667e-01 3.342372770034386598e+00 1.497165143004430661e+02
4.099999999999999756e-01 1.980582234596179658e+00 1.201653705731995672e+02
4.199999999999999845e-01 9.390653585703954143e-01 9.348919146095748545e+01
4.299999999999999933e-01 1.107984053770302568e-01 7.595624436623351983e+01
4.399999999999999467e-01 -5.800595287542746892e-01 6.179321687354442361e+01
4.499999999999999556e-01 -1.125065932093858079e+00 4.772367145042704806e+01
4.599999999999999645e-01 -1.534532957762815508e+00 3.440106951596306573e+01
4.699999999999999734e-01 -1.813087322413119429e+00 2.101742398429522396e+01
4.799999999999999822e-01 -1.954881437448720005e+00 9.917572176078657264e+00
4.899999999999999911e-01 -2.011438765934692618e+00 2.758722126901144378e+00
5.000000000000000000e-01 -2.010055879986742955e+00 -1.622659114143937709e+00
5.100000000000000089e-01 -1.978985583651813762e+00 -5.511032669697615738e+00
5.200000000000000178e-01 -1.899835226592790693e+00 -8.785524373247174168e+00
5.299999999999999156e-01 -1.803275096186870430e+00 -1.078389568093376027e+01
5.400000000000000355e-01 -1.684157312974115417e+00 -1.006708805218848646e+01
5.499999999999999334e-01 -1.601933335143100656e+00 -7.837488005971946059e+00
5.599999999999999423e-01 -1.527407552854676442e+00 -8.522781775202959764e+00
5.699999999999999512e-01 -1.431477699639041479e+00 -1.040136409649706373e+01
5.799999999999999600e-01 -1.319380270924735310e+00 -1.074568831504817368e+01
5.899999999999999689e-01 -1.216563933338077996e+00 -1.133118706553442578e+01
5.999999999999999778e-01 -1.092756529614046679e+00 -1.182214042766930362e+01
6.099999999999999867e-01 -9.801211247846920438e-01 -1.378145361794261703e+01
6.199999999999998845e-01 -8.171274572551944226e-01 -1.265581973127012461e+01
6.300000000000000044e-01 -7.270047301592895694e-01 -8.559063693185473554e+00
6.400000000000000133e-01 -6.459461833914850182e-01 -8.952557553653470279e+00
6.499999999999999112e-01 -5.479535790862201106e-01 -1.279937614497949738e+01
6.600000000000000311e-01 -3.899586604918950372e-01 -1.232972029339188325e+01
6.700000000000000400e-01 -3.013591732183825145e-01 -7.957437992961166273e+00
6.799999999999999378e-01 -2.308099006326717606e-01 -7.530662917080665153e+00
6.899999999999999467e-01 -1.507459148767692492e-01 -7.319758292975842018e+00
7.000000000000000666e-01 -8.441473477315493412e-02 -5.995624900777026589e+00
7.099999999999999645e-01 -3.083341686122871919e-02 -4.369376349366654644e+00
7.199999999999999734e-01 2.972792214178158858e-03 -5.280642143968185209e+00
7.299999999999998712e-01 7.477942601813497570e-02 -6.285292115636987198e+00
7.399999999999999911e-01 1.286786345269179122e-01 -3.276074610328651993e+00
7.500000000000000000e-01 1.403009182247080266e-01 -1.239605703188573438e+00
7.599999999999998979e-01 1.534707485906893765e-01 -1.518750804818489453e+00
7.699999999999999067e-01 1.706759343210778046e-01 -1.511407024922953202e+00
7.800000000000000266e-01 1.836988890891484150e-01 8.780701534619184123e-02
7.899999999999999245e-01 1.689197940141539678e-01 -2.992445737946948792e-01
7.999999999999999334e-01 1.896837805650423148e-01 -8.576415437652873397e-01
8.100000000000000533e-01 1.860726248894597201e-01 1.703981519294858638e+00
8.199999999999999512e-01 1.556041501791451676e-01 3.220354792615486517e+00
8.299999999999999600e-01 1.216655290371499859e-01 2.430173650449773959e+00
8.399999999999999689e-01 1.070006771701496884e-01 1.434534348643808688e+00
8.499999999999999778e-01 9.297484206427381048e-02 2.700608294099218210e+00
8.599999999999999867e-01 5.298851128816532002e-02 3.532631961081224237e+00
8.699999999999999956e-01 2.232220284264934546e-02 2.210011983888739096e+00
8.799999999999998934e-01 8.788271610390535268e-03 1.304436584793521536e+00
8.900000000000000133e-01 -3.766528853221083085e-03 2.381482729104783758e+00
8.999999999999999112e-01 -3.884138297170513371e-02 3.138346560716189337e+00
9.099999999999999201e-01 -6.653346006754486119e-02 1.325589102385205331e+00
9.199999999999999289e-01 -6.535316501940924283e-02 -5.726862389054528796e-02
9.299999999999999378e-01 -6.538808758973395363e-02 8.228462458138674496e-01
9.399999999999999467e-01 -8.181008993568658627e-02 1.537627037551699605e+00
9.499999999999999556e-01 -9.614062834076794739e-02 5.264157335619580325e-01
9.599999999999999645e-01 -9.233840460692574470e-02 -5.479807135352446901e-01
9.699999999999999734e-01 -8.518101407006305192e-02 -3.817609171374082844e-01
9.799999999999999822e-01 -8.470318626417758234e-02 -1.736344865667075466e-01
9.899999999999998801e-01 -8.170832433872890488e-02 -2.739469496930596049e-01
1.000000000000000000e+00 -7.922424727031639191e-02 -6.402128479632330782e-01
1.010000000000000009e+00 -6.890406737946423721e-02 -9.746293139158406227e-01
1.020000000000000018e+00 -5.973166099199957862e-02 -6.977610163616972949e-01
1.029999999999999805e+00 -5.494884705223029853e-02 -3.907512426862515542e-01
1.040000000000000036e+00 -5.191663613827455365e-02 -4.969544916185418271e-01
1.050000000000000044e+00 -4.500975721985946143e-02 -4.766936055552337126e-01
1.059999999999999831e+00 -4.238276402716988078e-02 -3.118280304953490178e-01
1.069999999999999840e+00 -3.877319660995248024e-02 -6.321626792277927898e-01
1.080000000000000071e+00 -2.973951044261402554e-02 -1.122844038390292676e+00
1.089999999999999858e+00 -1.631631584214663158e-02 -7.884990417840127552e-01
1.099999999999999867e+00 -1.396952960693377023e-02 -2.248580197951293158e-01
1.109999999999999876e+00 -1.181915544624404305e-02 -2.483230504802180494e-01
1.119999999999999885e+00 -9.003068597329409381e-03 -4.357763072874871746e-01
1.129999999999999893e+00 -3.103629300494300126e-03 -3.666014733236072076e-01
1.139999999999999902e+00 -1.671039130857266027e-03 -8.426777742963760531e-02
1.149999999999999911e+00 -1.418273751901548245e-03 -6.962305218648065508e-02
1.159999999999999920e+00 -2.785780871276530486e-04 -8.447869738491776970e-02
1.169999999999999929e+00 2.713001957968071338e-04 -1.523942392975425296e-02
1.179999999999999938e+00 2.621039146743200235e-05 1.342622934073930269e-02
1.189999999999999947e+00 2.775608982021055462e-06 1.310519573371600206e-03
1.199999999999999956e+00 0.000000000000000000e+00 2.775608982021055666e-04
