0.000000000000000000e+00 5.120415437452682994e+01 1.452572536553156226e+02
1.000000000000000021e-02 4.975158183797367428e+01 1.452572536553147131e+02
2.000000000000000042e-02 4.829900930142053994e+01 1.452572536553141163e+02
2.999999999999999889e-02 4.684643676486739139e+01 1.452572536553147131e+02
4.000000000000000083e-02 4.539386422831424284e+01 1.452572536553147131e+02
4.999999999999999584e-02 4.394129169176110139e+01 1.452572536553144289e+02
5.999999999999999778e-02 4.248871915520795994e+01 1.452572536553147131e+02
6.999999999999999278e-02 4.103614661865480429e+01 1.452572536553147131e+02
8.000000000000000167e-02 3.958357408210166284e+01 1.452572536553147131e+02
8.999999999999999667e-02 3.813100154554851429e+01 1.452572536553144289e+02
9.999999999999999167e-02 3.667842900899537284e+01 1.452572536553147131e+02
1.099999999999999867e-01 3.522585647244221718e+01 1.452572536553150258e+02
1.199999999999999956e-01 3.377328393588907574e+01 1.452572536553144289e+02
1.300000000000000044e-01 3.232071139933592718e+01 1.452572536553147131e+02
1.399999999999999856e-01 3.086813886278277863e+01 1.452572536553147131e+02
1.499999999999999944e-01 2.941556632622963718e+01 1.452572536553144289e+02
1.600000000000000033e-01 2.796299378967649218e+01 1.452572536553145710e+02
1.699999999999999845e-01 2.651042125312334363e+01 1.452572536553147131e+02
1.799999999999999933e-01 2.505784871657019863e+01 1.452572536553145710e+02
1.899999999999999745e-01 2.360527618001705363e+01 1.452572536553145710e+02
1.999999999999999833e-01 2.215270364346390508e+01 1.452572536553145710e+02
2.099999999999999922e-01 2.070013110691076363e+01 1.452572536553145710e+02
2.199999999999999734e-01 1.924755857035761508e+01 1.452572536553147131e+02
2.299999999999999822e-01 1.779498603380446653e+01 1.452572536553148836e+02
2.399999999999999911e-01 1.634241349725131798e+01 1.452572536553148836e+02
2.500000000000000000e-01 1.488984096069817120e+01 1.452572536553147131e+02
2.600000000000000089e-01 1.343726842414502443e+01 1.452572536553145710e+02
2.700000000000000178e-01 1.198469588759187943e+01 1.452572536553145710e+02
2.799999999999999711e-01 1.053212335103873265e+01 1.452572536553146278e+02
2.899999999999999800e-01 9.079550814485587651e+00 1.452572536553145710e+02
2.999999999999999889e-01 7.626978277932440875e+00 1.452572536553143436e+02
3.099999999999999423e-01 6.174405741379300316e+00 1.452572536553145994e+02
3.200000000000000067e-01 4.721833204826149100e+00 1.452572536553150826e+02
3.300000000000000155e-01 3.269260668272998771e+00 1.228152186908918679e+02
3.399999999999999689e-01 2.265528831008312594e+00 8.839576655016563222e+01
3.500000000000000333e-01 1.501345337269686331e+00 6.815673880876651936e+01
3.599999999999999867e-01 9.023940548329824063e-01 5.360709566468272413e+01
3.699999999999999956e-01 4.292034239760317282e-01 4.228601938224282009e+01
3.799999999999999489e-01 5.667366718812610893e-02 3.311820440855615999e+01
3.900000000000000133e-01 -2.331606641950914327e-01 2.556064079234198871e+01
3.999999999999999667e-01 -4.545391486587136431e-01 1.927081249030331378e+01
4.099999999999999756e-01 -6.185769140011576628e-01 1.394418786921199072e+01
4.199999999999999845e-01 -7.334229060429533487e-01 9.335665292827695083e+00
4.299999999999999933e-01 -8.052902198577115422e-01 5.335096224617951854e+00
4.399999999999999467e-01 -8.401248305353123946e-01 1.927092552598149711e+00
4.499999999999999556e-01 -8.438320709096744920e-01 -8.808623124943594229e-01
4.599999999999999645e-01 -8.225075842854252528e-01 -3.074537740776853045e+00
4.699999999999999734e-01 -7.823413160941374844e-01 -4.615861926712048202e+00
4.799999999999999822e-01 -7.301903457511842443e-01 -5.484111986215886247e+00
4.899999999999999911e-01 -6.726590763698198083e-01 -5.739410710760858514e+00
5.000000000000000000e-01 -6.154021315359671229e-01 -5.530285230886768488e+00
5.100000000000000089e-01 -5.620533717520843631e-01 -5.074535173544560074e+00
5.200000000000000178e-01 -5.139114280650759481e-01 -4.612928156165015281e+00
5.299999999999999156e-01 -4.697948086287840885e-01 -4.258495602154670934e+00
5.400000000000000355e-01 -4.287415160219825161e-01 -3.948180846096991825e+00
5.499999999999999334e-01 -3.908311917068442720e-01 -3.584240572753819798e+00
5.599999999999999423e-01 -3.570567045669061357e-01 -3.077790158235280238e+00
5.699999999999999512e-01 -3.292753885421386695e-01 -2.392627590189200681e+00
5.799999999999999600e-01 -3.092041527631221309e-01 -1.634324812228229895e+00
5.899999999999999689e-01 -2.965888922975740694e-01 -9.676698995968452399e-01
5.999999999999999778e-01 -2.898507547711852150e-01 -4.725235705111446860e-01
6.099999999999999867e-01 -2.871384208873511978e-01 -1.162810307802523840e-01
6.199999999999998845e-01 -2.875251341555801754e-01 1.865853269177412677e-01
6.300000000000000044e-01 -2.908701274257060043e-01 4.939149938826550290e-01
6.400000000000000133e-01 -2.974034340332332715e-01 7.758399520527989868e-01
6.499999999999999112e-01 -3.063869264667620218e-01 9.326220191462588627e-01
6.600000000000000311e-01 -3.160558744161584555e-01 8.915823937252145281e-01
6.700000000000000400e-01 -3.242185743412662746e-01 6.869949180420206192e-01
6.799999999999999378e-01 -3.297957727769988412e-01 4.133491538353485928e-01
6.899999999999999467e-01 -3.324855574179732542e-01 1.418697156251115810e-01
7.000000000000000666e-01 -3.326331670895010806e-01 -9.085231636695846602e-02
7.099999999999999645e-01 -3.306685110906341096e-01 -2.882705506655135475e-01
7.199999999999999734e-01 -3.268677560761908407e-01 -4.869773441649460355e-01
7.299999999999998712e-01 -3.209289642073351878e-01 -7.203142759379714821e-01
7.399999999999999911e-01 -3.124614705574313978e-01 -9.691037855081570118e-01
7.500000000000000000e-01 -3.015468884971720387e-01 -1.195454089352955274e+00
7.599999999999998979e-01 -2.885523887703723145e-01 -1.378122416789399063e+00
7.699999999999999067e-01 -2.739844401613840685e-01 -1.525867200056929107e+00
7.800000000000000266e-01 -2.580350447692337235e-01 -1.640937922568168394e+00
7.899999999999999245e-01 -2.411656817100207018e-01 -1.715531452061529460e+00
7.999999999999999334e-01 -2.237244157280031120e-01 -1.735086277685229161e+00
8.100000000000000533e-01 -2.064639561563161030e-01 -1.695532749356030822e+00
8.199999999999999512e-01 -1.898137607408825200e-01 -1.609492936219171888e+00
8.299999999999999600e-01 -1.742740974319326730e-01 -1.510174772247639075e+00
8.399999999999999689e-01 -1.596102652959297263e-01 -1.435124813185837622e+00
8.499999999999999778e-01 -1.455716011682159361e-01 -1.400125287668382290e+00
8.599999999999999867e-01 -1.316077595425620972e-01 -1.387760374799466678e+00
8.699999999999999956e-01 -1.178163936722265992e-01 -1.357044852266124924e+00
8.799999999999998934e-01 -1.044668624972395904e-01 -1.274547931496862851e+00
8.900000000000000133e-01 -9.232543504228933606e-02 -1.132761034377109732e+00
8.999999999999999112e-01 -8.181164180969739685e-02 -9.582647446631028521e-01
9.099999999999999201e-01 -7.316014014902728901e-02 -7.874033095759717105e-01
9.199999999999999289e-01 -6.606357561817796653e-02 -6.468065355262589966e-01
9.299999999999999378e-01 -6.022400943850210464e-02 -5.460126090817931654e-01
9.399999999999999467e-01 -5.514332343654210905e-02 -4.866953508692957175e-01
9.499999999999999556e-01 -5.049010242111619251e-02 -4.568233049311117844e-01
9.599999999999999645e-01 -4.600685733791987087e-02 -4.378535403504963397e-01
9.699999999999999734e-01 -4.173303161410626960e-02 -4.163174684877233300e-01
9.799999999999999822e-01 -3.768050796816540399e-02 -3.861906554679969128e-01
9.899999999999998801e-01 -3.400921850474632885e-02 -3.386802476611940338e-01
1.000000000000000000e+00 -3.090690301494152664e-02 -2.729958396971969292e-01
1.010000000000000009e+00 -2.854930171080239179e-02 -2.001207831042788876e-01
1.020000000000000018e+00 -2.690448735285595055e-02 -1.345330491181800370e-01
1.029999999999999805e+00 -2.585864072843879063e-02 -8.665658858029509637e-02
1.040000000000000036e+00 -2.517135558125004752e-02 -6.490676010061979806e-02
1.050000000000000044e+00 -2.456050552642639537e-02 -7.222269709628038881e-02
1.059999999999999831e+00 -2.372690163932443877e-02 -1.026460063969095865e-01
1.069999999999999840e+00 -2.250758539848820433e-02 -1.446683633759188181e-01
1.080000000000000071e+00 -2.083353437180606241e-02 -1.853383965598856264e-01
1.089999999999999858e+00 -1.880081746729049194e-02 -2.099774826298514141e-01
1.099999999999999867e+00 -1.663398471920903704e-02 -2.102272624518918553e-01
1.109999999999999876e+00 -1.459627221825265421e-02 -1.907922435502127645e-01
1.119999999999999885e+00 -1.281813984820478168e-02 -1.663830429418681200e-01
1.129999999999999893e+00 -1.126861135941529223e-02 -1.508336453489234341e-01
1.139999999999999902e+00 -9.801466941226312166e-03 -1.490280465602388804e-01
1.149999999999999911e+00 -8.288050428210513854e-03 -1.563062374076310268e-01
1.159999999999999920e+00 -6.675342193073692358e-03 -3.113149583493797778e-01
1.169999999999999929e+00 -2.061751261222918852e-03 -3.197533085804121211e-01
1.179999999999999938e+00 -2.802760214654505494e-04 -1.018512188212646608e-01
1.189999999999999947e+00 -2.472688479762619131e-05 -1.401380107327252975e-02
1.199999999999999956e+00 0.000000000000000000e+00 -2.472688479762619618e-03
