0.000000000000000000e+00 4.636202283487232307e+03 2.725656539834813884e+03
1.000000200000000089e-02 4.475576182091544069e+03 2.939956373887044538e+04
1.999999800000000147e-02 4.048211008708568443e+03 4.992965551263863017e+04
2.999999999999999889e-02 3.476983071838631986e+03 5.721615242356167437e+04
4.000000199999999978e-02 2.903887960238032520e+03 5.288617070735339803e+04
4.999999799999999689e-02 2.419259657692680321e+03 4.280315131293504965e+04
5.999999999999999778e-02 2.047824933980168453e+03 3.320303974087060487e+04
7.000000199999999173e-02 1.755198862877360398e+03 2.713525924097917959e+04
7.999999800000000272e-02 1.505119749158632203e+03 2.352189677531479174e+04
8.999999999999999667e-02 1.284760927370088211e+03 2.037737844114489781e+04
1.000000019999999906e-01 1.097572180338383987e+03 1.735521138393970978e+04
1.099999979999999877e-01 9.376566996907362181e+02 1.482656951427949571e+04
1.199999999999999956e-01 8.010407900491680948e+02 1.266634895413664162e+04
1.300000020000000034e-01 6.843297206088401481e+02 1.082087098255661476e+04
1.399999979999999866e-01 5.846233704011041254e+02 9.244277829789682073e+03
1.499999999999999944e-01 4.994441640105360989e+02 7.897393170302214457e+03
1.600000020000000023e-01 4.266755069939440546e+02 6.746748641126868279e+03
1.699999979999999855e-01 3.645091911886960361e+02 5.763752195818375185e+03
1.799999999999999933e-01 3.114004630756240317e+02 4.923977628611374712e+03
1.900000019999999734e-01 2.660296386166080538e+02 4.206557614441080659e+03
1.999999979999999844e-01 2.272693107905680279e+02 3.593665182559760524e+03
2.099999999999999922e-01 1.941563349645760184e+02 3.070070739072214110e+03
2.200000019999999723e-01 1.658678960080080174e+02 2.622763631025427458e+03
2.299999980000000110e-01 1.417010623439280153e+02 2.240628848282280615e+03
2.399999999999999911e-01 1.210553190419440170e+02 1.914170829724973601e+03
2.500000019999999989e-01 1.034176457495680239e+02 1.635277510668373679e+03
2.599999980000000099e-01 8.834976882662401465e+01 1.397018748471973595e+03
2.700000000000000178e-01 7.547727078236000864e+01 1.193474117300533408e+03
2.800000019999999701e-01 6.448028648200801172e+01 1.019585793119360233e+03
2.899999979999999811e-01 5.508555491913600832e+01 8.710328732379068697e+02
2.999999999999999889e-01 4.705962901878400828e+01 7.441240074013335288e+02
3.100000019999999967e-01 4.020307477250400296e+01 6.357056724326935182e+02
3.199999980000000077e-01 3.434551557068800776e+01 5.430838112196400971e+02
3.300000000000000155e-01 2.934139854685600213e+01 4.639568888538934175e+02
3.400000020000000234e-01 2.506637778998400279e+01 3.963558770214400511e+02
3.499999979999999788e-01 2.141428100726400174e+01 3.386186769385734010e+02
3.599999999999999867e-01 1.829400425135199981e+01 2.893153966752667543e+02
3.700000019999999945e-01 1.562797307445600126e+01 2.471309257447200309e+02
3.799999980000000055e-01 1.335138573896800196e+01 2.109081634591600221e+02
3.900000000000000133e-01 1.140980980234400022e+01 1.798061891573733817e+02
4.000000020000000212e-01 9.755261955960001785e+00 1.533939839232533586e+02
4.099999979999999766e-01 8.341930123600000968e+00 1.315987965600533585e+02
4.199999999999999845e-01 7.123286024480001366e+00 1.144720395786133480e+02
4.300000019999999368e-01 6.052489335096000289e+00 1.017840342235733573e+02
4.399999980000000033e-01 5.087605338056000903e+00 9.275242747269335553e+01
4.499999999999999556e-01 4.197440786200000495e+00 8.614506230152001365e+01
4.600000019999999634e-01 3.364704094536000500e+00 8.070090438704001201e+01
4.699999980000000299e-01 2.583422695112000067e+00 7.551217463781334516e+01
4.799999999999999822e-01 1.854460600664000314e+00 7.018856396960001121e+01
4.900000019999999901e-01 1.179651415720000207e+00 6.474973983924002141e+01
4.999999979999999455e-01 5.594658026240000304e-01 5.935816127649334817e+01
5.100000000000000089e-01 -7.511807160000001649e-03 5.409125397540000790e+01
5.200000019999999612e-01 -5.223592747920000612e-01 4.893780969729334629e+01
5.299999979999999722e-01 -9.862680026400000299e-01 4.391070075526667438e+01
5.400000000000000355e-01 -1.400573289200000016e+00 3.906182910448000456e+01
5.500000019999999878e-01 -1.767504583056000111e+00 3.444693108505334322e+01
5.599999979999999988e-01 -2.089511913272000143e+00 3.007854094985333759e+01
5.699999999999999512e-01 -2.369075404424000109e+00 2.590867492722667365e+01
5.800000019999999035e-01 -2.607685409864000103e+00 2.188490171628000525e+01
5.899999980000000255e-01 -2.806773439168000372e+00 1.804490546138666929e+01
5.999999999999999778e-01 -2.968583522160000321e+00 1.448213102581333622e+01
6.100000019999999301e-01 -3.096416056616000390e+00 1.126992621681333517e+01
6.199999980000000521e-01 -3.193982045520000312e+00 8.389247167880002465e+00
6.300000000000000044e-01 -3.264201000392000118e+00 5.756861329920001324e+00
6.400000019999999568e-01 -3.309119269608000291e+00 3.286403132800000293e+00
6.499999980000000788e-01 -3.329929063048000515e+00 9.650354299466669117e-01
6.600000000000000311e-01 -3.328419982112000408e+00 -1.142998529720000267e+00
6.700000019999999834e-01 -3.307069092872000571e+00 -2.963291794213334107e+00
6.799999979999998834e-01 -3.269154145112000087e+00 -4.488706612946667285e+00
6.899999999999999467e-01 -3.217294962984000417e+00 -5.772515375413334482e+00
7.000000019999998990e-01 -3.153703836488000345e+00 -6.883391133560001762e+00
7.099999979999999100e-01 -3.079627137384000513e+00 -7.861603855333334501e+00
7.199999999999999734e-01 -2.996471760776000526e+00 -8.704185787693335286e+00
7.300000019999999257e-01 -2.905543424280000231e+00 -9.399448815066667962e+00
7.399999979999999367e-01 -2.808482783080000100e+00 -9.964872392413335334e+00
7.500000000000000000e-01 -2.706245973224000512e+00 -1.042865932960000208e+01
7.600000019999999523e-01 -2.599909596488000574e+00 -1.080494898741333465e+01
7.699999979999999633e-01 -2.490146996544000402e+00 -1.111418059636000244e+01
7.800000000000000266e-01 -2.377625985816000487e+00 -1.138369850713333520e+01
7.900000019999999790e-01 -2.262473025704000218e+00 -1.161413649810666726e+01
7.999999979999999900e-01 -2.145343255296000340e+00 -1.176487140897333639e+01
8.100000000000000533e-01 -2.027175597664000239e+00 -1.180421996249333638e+01
8.200000020000000056e-01 -1.909258854512000170e+00 -1.174148519898666798e+01
8.299999979999999056e-01 -1.792345894800000394e+00 -1.159346663157333523e+01
8.399999999999999689e-01 -1.677389524112000263e+00 -1.135277280585333592e+01
8.500000019999999212e-01 -1.565290436312000155e+00 -1.101656814832000286e+01
8.599999979999999322e-01 -1.457058159472000236e+00 -1.060445462226666891e+01
8.699999999999999956e-01 -1.353201342472000190e+00 -1.014649198044000222e+01
8.800000019999999479e-01 -1.254128318608000114e+00 -9.670278207613336008e+00
8.899999979999999589e-01 -1.159795779296000084e+00 -9.196780875866668481e+00
8.999999999999999112e-01 -1.070192703880000096e+00 -8.726894880040001468e+00
9.100000019999999745e-01 -9.852578846240001020e-01 -8.253112701573334320e+00
9.199999979999999855e-01 -9.051304478960000566e-01 -7.771842641453334366e+00
9.299999999999999378e-01 -8.298210294240000451e-01 -7.274963799746668514e+00
9.400000020000000012e-01 -7.596311742720001092e-01 -6.743866588226668846e+00
9.499999980000000122e-01 -6.949436975200000699e-01 -6.179832858973335341e+00
9.599999999999999645e-01 -6.360345172319999962e-01 -5.617143295506668466e+00
9.700000020000000278e-01 -5.826008331440000187e-01 -5.094815071573334464e+00
9.799999979999999278e-01 -5.341382138480000874e-01 -4.627235010640000645e+00
9.899999999999998801e-01 -4.900561337680000573e-01 -4.212046788506667916e+00
1.000000001999999943e+00 -4.498972775200000274e-01 -3.838310514320000699e+00
1.009999997999999843e+00 -4.132899218080000048e-01 -3.491353639253333974e+00
1.020000000000000018e+00 -3.800702044560000381e-01 -3.161589866186667486e+00
1.030000001999999970e+00 -3.500581256000000474e-01 -2.855810838253333817e+00
1.039999997999999870e+00 -3.229539895040000608e-01 -2.590530782533333909e+00
1.050000000000000044e+00 -2.982475071600000360e-01 -2.378738927026667227e+00
1.060000001999999997e+00 -2.753792108240000203e-01 -2.219967451720000540e+00
1.069999997999999897e+00 -2.538481585440000021e-01 -2.100589159266666783e+00
1.080000000000000071e+00 -2.333674283360000212e-01 -2.003695529400000286e+00
1.090000002000000023e+00 -2.137742500480000196e-01 -1.908573509733333839e+00
1.099999997999999923e+00 -1.951959553520000445e-01 -1.818423121093333705e+00
1.110000000000000098e+00 -1.774057881840000184e-01 -1.801169867120000490e+00
1.120000002000000050e+00 -1.591725605200000337e-01 -1.949834283746666896e+00
1.129999997999999950e+00 -1.384091006960000148e-01 -2.276407784706667048e+00
1.139999999999999902e+00 -1.136444021760000256e-01 -2.665145595640000309e+00
1.150000001999999855e+00 -8.510618752800001852e-02 -2.912066105946666816e+00
1.159999997999999977e+00 -5.540308033600000598e-02 -2.793056409946667262e+00
1.169999999999999929e+00 -2.924505960800000484e-02 -2.219497421160000705e+00
1.180000001999999881e+00 -1.101313316800000240e-02 -1.355861105693333624e+00
1.189999998000000003e+00 -2.127840144000000058e-03 -5.744364642400000553e-01
1.199999999999999956e+00 4.755952800000000629e-04 5.374949101333334478e-02
